4
1750
-466.0 -385.0
122.0 -379.0
378.0 330.0
321.0 -365.0
-383.0 98.0
287.0 -310.0
-187.0 74.0
125.0 -13.0
-150.0 267.0
386.0 -411.0
-424.0 94.0
-157.0 11.0
-446.0 0.0
234.0 214.0
237.0 251.0
-389.0 330.0
-162.0 -175.0
352.0 -363.0
36.0 -308.0
-95.0 27.0
-352.0 -420.0
387.0 157.0
325.0 -474.0
-36.0 439.0
209.0 381.0
302.0 365.0
-405.0 252.0
-113.0 -333.0
183.0 -101.0
98.0 273.0
-462.0 449.0
499.0 -452.0
372.0 -37.0
-132.0 -137.0
309.0 164.0
-172.0 -119.0
252.0 8.0
-428.0 -389.0
-84.0 -12.0
276.0 301.0
-400.0 -176.0
215.0 -156.0
100.0 285.0
-304.0 -127.0
-432.0 -82.0
119.0 319.0
46.0 384.0
-100.0 254.0
425.0 -326.0
213.0 -454.0
-181.0 -273.0
-100.0 266.0
-379.0 -335.0
-453.0 -395.0
56.0 -128.0
-88.0 -66.0
38.0 278.0
-69.0 -456.0
378.0 258.0
-72.0 -30.0
-312.0 -369.0
413.0 -59.0
195.0 143.0
-24.0 91.0
-171.0 223.0
327.0 -205.0
282.0 307.0
-259.0 -167.0
-116.0 -399.0
-311.0 46.0
474.0 -182.0
-350.0 139.0
201.0 -362.0
262.0 128.0
365.0 311.0
341.0 -459.0
161.0 304.0
-202.0 4.0
-88.0 171.0
379.0 -67.0
-224.0 349.0
151.0 -195.0
-382.0 -83.0
428.0 -219.0
26.0 -303.0
246.0 55.0
33.0 249.0
-340.0 -352.0
331.0 -433.0
-417.0 459.0
-349.0 -450.0
-202.0 495.0
212.0 -161.0
-227.0 475.0
426.0 -461.0
-344.0 -412.0
146.0 307.0
-170.0 477.0
-137.0 418.0
-409.0 307.0
-455.0 413.0
439.0 383.0
145.0 181.0
378.0 136.0
140.0 144.0
437.0 234.0
-269.0 276.0
-382.0 -68.0
-156.0 235.0
482.0 -308.0
-56.0 81.0
163.0 -359.0
-476.0 -254.0
128.0 138.0
-450.0 -28.0
-3.0 -15.0
-304.0 -16.0
219.0 -195.0
322.0 114.0
-441.0 -307.0
293.0 -48.0
-490.0 -461.0
358.0 326.0
-28.0 489.0
-29.0 49.0
235.0 444.0
308.0 68.0
-328.0 -389.0
-491.0 440.0
-257.0 -324.0
-343.0 414.0
-22.0 -444.0
-156.0 156.0
-243.0 81.0
-180.0 -115.0
66.0 -481.0
381.0 -89.0
-113.0 -298.0
-497.0 1.0
-278.0 -464.0
-5.0 -173.0
408.0 146.0
434.0 474.0
495.0 321.0
405.0 127.0
-455.0 156.0
21.0 -68.0
496.0 415.0
341.0 -18.0
424.0 452.0
184.0 56.0
-160.0 3.0
234.0 183.0
455.0 250.0
463.0 320.0
250.0 330.0
496.0 173.0
346.0 -164.0
-376.0 -183.0
177.0 -287.0
76.0 63.0
76.0 365.0
-13.0 -129.0
441.0 -481.0
212.0 -408.0
-119.0 346.0
-47.0 -285.0
-254.0 -281.0
472.0 91.0
-211.0 -21.0
441.0 -338.0
-90.0 -453.0
490.0 285.0
222.0 173.0
373.0 269.0
-326.0 -262.0
216.0 -14.0
-75.0 -125.0
71.0 -14.0
402.0 468.0
-204.0 272.0
388.0 -178.0
-330.0 312.0
254.0 -242.0
237.0 213.0
-101.0 -379.0
261.0 497.0
52.0 -165.0
-383.0 -133.0
-263.0 -197.0
-35.0 -288.0
-287.0 461.0
431.0 283.0
416.0 334.0
397.0 174.0
-113.0 -389.0
-272.0 472.0
-500.0 -171.0
320.0 298.0
112.0 165.0
448.0 -354.0
152.0 218.0
-107.0 139.0
44.0 -488.0
255.0 -79.0
-56.0 -389.0
-227.0 168.0
181.0 -368.0
389.0 34.0
-372.0 445.0
-1.0 204.0
-227.0 -342.0
123.0 -478.0
346.0 70.0
-282.0 -384.0
-310.0 -431.0
-130.0 -366.0
442.0 131.0
-301.0 -66.0
9.0 -170.0
151.0 -2.0
146.0 214.0
359.0 -295.0
344.0 -243.0
-366.0 -462.0
297.0 -410.0
-129.0 -471.0
-437.0 -405.0
-311.0 -472.0
59.0 333.0
344.0 -153.0
398.0 373.0
-347.0 -124.0
389.0 -106.0
-63.0 94.0
-475.0 406.0
-52.0 277.0
-218.0 16.0
-81.0 -478.0
148.0 129.0
259.0 383.0
324.0 -43.0
-136.0 251.0
-487.0 201.0
118.0 -23.0
-43.0 459.0
436.0 479.0
-332.0 -399.0
413.0 -130.0
-161.0 245.0
114.0 56.0
114.0 151.0
326.0 -185.0
202.0 -174.0
309.0 -219.0
197.0 400.0
219.0 445.0
-310.0 299.0
-89.0 -6.0
439.0 -92.0
126.0 20.0
-409.0 119.0
-397.0 194.0
221.0 39.0
-205.0 479.0
262.0 -195.0
-16.0 -500.0
247.0 -72.0
75.0 15.0
-131.0 393.0
102.0 -165.0
253.0 -284.0
-20.0 239.0
169.0 -87.0
-281.0 -94.0
22.0 -3.0
-399.0 317.0
-409.0 486.0
-463.0 338.0
253.0 -353.0
-15.0 425.0
426.0 196.0
-328.0 -98.0
-140.0 -384.0
17.0 -421.0
426.0 365.0
276.0 -112.0
-116.0 -300.0
35.0 -483.0
30.0 23.0
-457.0 -434.0
-224.0 -254.0
-335.0 -281.0
-494.0 -316.0
292.0 -494.0
361.0 -224.0
-215.0 199.0
-253.0 177.0
248.0 110.0
221.0 425.0
-473.0 -396.0
272.0 488.0
-202.0 -319.0
331.0 -254.0
116.0 342.0
171.0 429.0
-476.0 8.0
-92.0 206.0
-348.0 -120.0
397.0 35.0
366.0 173.0
-441.0 -397.0
464.0 -95.0
91.0 453.0
263.0 -158.0
438.0 -209.0
163.0 -386.0
-48.0 213.0
-235.0 444.0
-29.0 104.0
377.0 192.0
395.0 125.0
-55.0 428.0
363.0 -113.0
494.0 -428.0
-24.0 70.0
-266.0 475.0
-133.0 -237.0
494.0 301.0
-321.0 -420.0
103.0 -156.0
-103.0 -231.0
421.0 50.0
-219.0 238.0
-114.0 -433.0
-78.0 -204.0
-125.0 -368.0
-278.0 43.0
-19.0 377.0
15.0 -419.0
-296.0 221.0
124.0 135.0
220.0 379.0
-467.0 -129.0
-8.0 -168.0
464.0 -73.0
-217.0 -374.0
94.0 416.0
-256.0 311.0
-457.0 -155.0
146.0 -286.0
-360.0 276.0
-192.0 -228.0
325.0 -199.0
51.0 48.0
200.0 -124.0
-90.0 -462.0
-52.0 -258.0
450.0 147.0
138.0 -140.0
247.0 -108.0
-469.0 -417.0
174.0 -495.0
224.0 -66.0
370.0 -441.0
195.0 -285.0
-256.0 463.0
-186.0 -414.0
-135.0 -487.0
-213.0 -389.0
51.0 -497.0
-181.0 338.0
164.0 388.0
-22.0 -405.0
492.0 -200.0
-447.0 372.0
-395.0 -112.0
356.0 -156.0
121.0 -471.0
-200.0 452.0
-434.0 -219.0
-226.0 -391.0
-341.0 102.0
392.0 183.0
-100.0 -19.0
-83.0 327.0
-194.0 -108.0
-258.0 -302.0
-5.0 478.0
-237.0 441.0
-35.0 -116.0
493.0 420.0
418.0 -147.0
-230.0 -178.0
159.0 463.0
-195.0 341.0
412.0 -264.0
-429.0 -404.0
488.0 123.0
-256.0 -187.0
409.0 -21.0
-106.0 203.0
-287.0 15.0
-75.0 408.0
283.0 -56.0
-482.0 289.0
-330.0 -5.0
56.0 33.0
274.0 -427.0
97.0 -373.0
421.0 350.0
388.0 -321.0
-361.0 265.0
-277.0 319.0
80.0 -473.0
-459.0 268.0
75.0 75.0
493.0 -62.0
148.0 439.0
442.0 -432.0
-234.0 -96.0
-128.0 453.0
202.0 217.0
-365.0 315.0
151.0 318.0
-71.0 -187.0
146.0 374.0
262.0 483.0
-491.0 327.0
-92.0 -52.0
-331.0 470.0
412.0 217.0
378.0 -280.0
408.0 356.0
183.0 372.0
306.0 229.0
380.0 29.0
432.0 -47.0
187.0 500.0
-23.0 27.0
62.0 -460.0
-174.0 88.0
465.0 160.0
-118.0 443.0
35.0 314.0
478.0 487.0
262.0 396.0
-369.0 -488.0
-440.0 229.0
222.0 -392.0
-43.0 -265.0
-104.0 -3.0
388.0 195.0
-327.0 -317.0
199.0 -219.0
-397.0 -479.0
419.0 -97.0
357.0 -66.0
446.0 -210.0
-452.0 296.0
321.0 406.0
-235.0 301.0
50.0 450.0
470.0 -430.0
433.0 -209.0
-252.0 -81.0
-35.0 387.0
-356.0 -302.0
488.0 -403.0
278.0 4.0
499.0 -444.0
157.0 33.0
-290.0 97.0
290.0 -463.0
-147.0 -471.0
-411.0 -462.0
-358.0 350.0
-254.0 -469.0
-122.0 139.0
-390.0 -298.0
463.0 -191.0
-121.0 -360.0
-188.0 -261.0
-143.0 427.0
-355.0 -46.0
392.0 473.0
419.0 -291.0
-138.0 308.0
212.0 -489.0
-173.0 -371.0
-410.0 -279.0
-61.0 -68.0
-218.0 133.0
-123.0 215.0
-373.0 -120.0
-62.0 285.0
78.0 180.0
-109.0 226.0
-155.0 254.0
36.0 -434.0
351.0 90.0
-41.0 491.0
-388.0 -162.0
318.0 392.0
184.0 -482.0
360.0 -35.0
89.0 219.0
-273.0 124.0
344.0 83.0
-174.0 -209.0
9.0 -360.0
498.0 -467.0
239.0 -337.0
315.0 237.0
159.0 210.0
-236.0 63.0
-171.0 364.0
-201.0 208.0
-143.0 -34.0
372.0 163.0
201.0 313.0
-371.0 -293.0
23.0 48.0
-133.0 237.0
79.0 -496.0
389.0 -234.0
-34.0 -71.0
-395.0 245.0
362.0 -464.0
414.0 -331.0
180.0 -143.0
-326.0 -8.0
-231.0 -314.0
-59.0 -144.0
1.0 144.0
485.0 -191.0
293.0 398.0
365.0 150.0
353.0 -244.0
377.0 -472.0
438.0 -126.0
398.0 281.0
-173.0 -432.0
-93.0 -268.0
202.0 -170.0
232.0 -347.0
327.0 336.0
-204.0 201.0
-438.0 -95.0
39.0 -388.0
337.0 -9.0
-169.0 -43.0
-257.0 344.0
-483.0 -84.0
-461.0 -343.0
-127.0 165.0
148.0 -421.0
498.0 -244.0
-78.0 232.0
67.0 276.0
-500.0 -82.0
-343.0 251.0
304.0 108.0
-337.0 45.0
-365.0 -42.0
296.0 -439.0
-60.0 26.0
352.0 -304.0
410.0 -1.0
108.0 181.0
79.0 -305.0
286.0 -490.0
164.0 -481.0
412.0 346.0
77.0 294.0
272.0 209.0
274.0 -477.0
-403.0 -256.0
283.0 249.0
146.0 -21.0
-309.0 -110.0
44.0 438.0
-155.0 65.0
-226.0 130.0
9.0 82.0
-287.0 -8.0
-235.0 343.0
-356.0 -211.0
355.0 -34.0
436.0 -451.0
171.0 -172.0
59.0 -366.0
-238.0 154.0
500.0 271.0
57.0 -124.0
-410.0 408.0
-295.0 133.0
204.0 180.0
-396.0 -336.0
-79.0 157.0
-114.0 34.0
-309.0 -143.0
-390.0 -383.0
126.0 -334.0
-328.0 109.0
65.0 -328.0
376.0 390.0
-201.0 -33.0
-299.0 465.0
153.0 -130.0
39.0 422.0
-199.0 375.0
-132.0 -453.0
130.0 210.0
-205.0 -473.0
-344.0 335.0
3.0 -453.0
-42.0 379.0
-48.0 499.0
-467.0 409.0
-326.0 110.0
183.0 184.0
-305.0 -203.0
95.0 -148.0
-316.0 301.0
379.0 -464.0
428.0 -113.0
252.0 -47.0
117.0 208.0
195.0 -93.0
414.0 417.0
-43.0 260.0
-416.0 -262.0
296.0 409.0
-151.0 -303.0
-45.0 31.0
-477.0 59.0
425.0 250.0
-289.0 -216.0
458.0 -251.0
14.0 -496.0
457.0 295.0
-234.0 20.0
-228.0 406.0
66.0 -302.0
316.0 116.0
351.0 -336.0
33.0 1.0
-395.0 -39.0
481.0 -372.0
424.0 -165.0
333.0 -156.0
-268.0 -13.0
-252.0 -391.0
176.0 -130.0
374.0 299.0
-211.0 -16.0
249.0 -411.0
25.0 391.0
143.0 201.0
-87.0 -51.0
-169.0 -247.0
-319.0 -206.0
292.0 -81.0
5.0 -318.0
-81.0 272.0
-339.0 22.0
118.0 131.0
477.0 485.0
-300.0 17.0
-499.0 183.0
-204.0 83.0
-450.0 -111.0
247.0 232.0
198.0 317.0
-208.0 -355.0
219.0 484.0
-150.0 -149.0
-341.0 426.0
357.0 -162.0
123.0 -84.0
171.0 -114.0
307.0 408.0
388.0 -194.0
-139.0 129.0
-494.0 198.0
-140.0 433.0
-148.0 -251.0
19.0 359.0
-132.0 -189.0
-157.0 159.0
-77.0 -13.0
-196.0 -319.0
-99.0 -398.0
52.0 -306.0
-483.0 371.0
269.0 -376.0
-229.0 9.0
136.0 -340.0
37.0 -448.0
-306.0 62.0
-209.0 351.0
204.0 -178.0
1.0 -260.0
-225.0 104.0
465.0 -11.0
465.0 137.0
-474.0 -260.0
-483.0 291.0
-446.0 256.0
269.0 -373.0
-420.0 -173.0
-441.0 -72.0
317.0 -198.0
400.0 500.0
442.0 -372.0
-416.0 76.0
-45.0 87.0
322.0 270.0
-279.0 458.0
93.0 -297.0
460.0 229.0
-487.0 336.0
-14.0 114.0
-394.0 218.0
287.0 359.0
344.0 -330.0
-394.0 -41.0
-389.0 292.0
193.0 -77.0
-114.0 188.0
-277.0 -466.0
30.0 7.0
221.0 35.0
415.0 317.0
-208.0 326.0
316.0 -134.0
-270.0 -196.0
191.0 466.0
136.0 333.0
-248.0 -62.0
440.0 283.0
-199.0 474.0
155.0 387.0
-301.0 336.0
-246.0 26.0
-161.0 -453.0
130.0 -127.0
-108.0 -149.0
171.0 416.0
-58.0 -425.0
-238.0 163.0
-302.0 -85.0
-117.0 128.0
404.0 41.0
165.0 215.0
-160.0 -309.0
-139.0 -478.0
-175.0 -125.0
-199.0 -275.0
-113.0 -25.0
3.0 442.0
233.0 -488.0
-288.0 -202.0
-48.0 460.0
-29.0 -455.0
-111.0 -225.0
366.0 -368.0
149.0 65.0
-295.0 -262.0
-155.0 84.0
372.0 106.0
454.0 -313.0
-136.0 -427.0
401.0 -263.0
360.0 399.0
30.0 -340.0
-305.0 -255.0
-98.0 -30.0
454.0 -255.0
-356.0 449.0
284.0 121.0
158.0 -131.0
-169.0 -285.0
382.0 365.0
215.0 153.0
-170.0 155.0
49.0 -361.0
-408.0 -308.0
-272.0 387.0
220.0 -338.0
-366.0 -73.0
-253.0 -270.0
-447.0 363.0
-381.0 497.0
196.0 73.0
26.0 123.0
-299.0 -129.0
-35.0 -394.0
426.0 -186.0
455.0 13.0
-76.0 -204.0
295.0 365.0
437.0 -377.0
60.0 -43.0
216.0 -412.0
-165.0 -180.0
-351.0 -261.0
-442.0 -50.0
360.0 -469.0
-468.0 368.0
16.0 286.0
213.0 336.0
-377.0 -381.0
-215.0 -332.0
187.0 -28.0
103.0 61.0
6.0 193.0
-475.0 -235.0
-358.0 395.0
393.0 -22.0
373.0 -22.0
-284.0 -82.0
-325.0 -126.0
-118.0 -273.0
-212.0 -490.0
-277.0 23.0
-329.0 132.0
-48.0 -215.0
127.0 228.0
328.0 -56.0
370.0 -489.0
284.0 274.0
382.0 -222.0
274.0 -438.0
-27.0 226.0
-65.0 -330.0
-231.0 88.0
36.0 337.0
364.0 -308.0
245.0 145.0
119.0 209.0
-84.0 388.0
430.0 -370.0
94.0 45.0
-29.0 367.0
-443.0 32.0
207.0 -308.0
-126.0 196.0
69.0 -319.0
-68.0 131.0
-396.0 49.0
-330.0 -479.0
-476.0 -402.0
195.0 -358.0
-21.0 -158.0
55.0 -492.0
-121.0 -164.0
398.0 -499.0
130.0 8.0
-330.0 -81.0
-174.0 -388.0
-35.0 -339.0
412.0 163.0
-293.0 -482.0
232.0 -360.0
161.0 -465.0
-9.0 183.0
-287.0 68.0
-20.0 -281.0
-320.0 -436.0
56.0 -399.0
115.0 446.0
227.0 -93.0
247.0 -154.0
107.0 350.0
213.0 -474.0
22.0 455.0
-489.0 -100.0
386.0 242.0
-245.0 16.0
-462.0 307.0
75.0 -165.0
-271.0 -64.0
-309.0 34.0
329.0 322.0
369.0 -78.0
118.0 464.0
-409.0 60.0
233.0 364.0
296.0 -290.0
418.0 -32.0
389.0 330.0
331.0 164.0
-123.0 479.0
-178.0 -483.0
412.0 -64.0
368.0 316.0
-260.0 -143.0
-287.0 263.0
-101.0 -175.0
-460.0 382.0
409.0 368.0
59.0 34.0
385.0 312.0
-128.0 42.0
-485.0 241.0
-91.0 -349.0
302.0 458.0
-263.0 388.0
201.0 304.0
-155.0 -1.0
106.0 -239.0
-273.0 -244.0
435.0 209.0
442.0 -244.0
-262.0 232.0
17.0 461.0
-490.0 500.0
-500.0 382.0
172.0 -265.0
353.0 -87.0
-485.0 -203.0
-127.0 -484.0
-486.0 -251.0
-400.0 -57.0
401.0 -27.0
136.0 463.0
192.0 -497.0
-392.0 -328.0
52.0 -296.0
496.0 265.0
165.0 -189.0
-448.0 -199.0
161.0 -386.0
419.0 -44.0
119.0 286.0
-120.0 480.0
-327.0 45.0
-352.0 90.0
-127.0 23.0
16.0 371.0
-19.0 24.0
187.0 96.0
110.0 -195.0
-268.0 31.0
-249.0 -75.0
144.0 -82.0
-97.0 285.0
114.0 111.0
137.0 140.0
495.0 -204.0
40.0 -124.0
-331.0 -145.0
11.0 73.0
-154.0 -430.0
-149.0 185.0
-236.0 -176.0
176.0 477.0
110.0 76.0
-104.0 187.0
475.0 457.0
-435.0 -381.0
-256.0 -356.0
122.0 -203.0
-432.0 -111.0
200.0 469.0
491.0 238.0
60.0 368.0
7.0 -356.0
-340.0 306.0
-390.0 137.0
-227.0 389.0
29.0 92.0
-46.0 -424.0
132.0 393.0
0.0 -325.0
-277.0 -499.0
-42.0 297.0
-409.0 -460.0
141.0 -97.0
-211.0 264.0
-378.0 -156.0
-474.0 -30.0
18.0 218.0
-15.0 -174.0
229.0 -220.0
104.0 -94.0
259.0 292.0
-90.0 224.0
-445.0 41.0
468.0 274.0
-301.0 -312.0
-357.0 -486.0
461.0 160.0
190.0 254.0
259.0 374.0
-37.0 -272.0
-150.0 337.0
87.0 56.0
473.0 -404.0
-274.0 248.0
-268.0 -165.0
-495.0 -144.0
-196.0 -141.0
-204.0 191.0
177.0 -485.0
477.0 -274.0
-342.0 -414.0
388.0 -274.0
484.0 -411.0
192.0 -406.0
-448.0 441.0
-76.0 302.0
-130.0 -61.0
-481.0 -8.0
-76.0 377.0
235.0 197.0
-386.0 357.0
-316.0 390.0
-324.0 -346.0
-102.0 -249.0
347.0 355.0
380.0 458.0
-99.0 -281.0
-219.0 449.0
396.0 -310.0
-430.0 6.0
-168.0 -348.0
264.0 489.0
130.0 -362.0
-172.0 253.0
-329.0 -113.0
224.0 76.0
-110.0 228.0
348.0 -49.0
-81.0 -317.0
-337.0 111.0
404.0 -21.0
286.0 -41.0
426.0 -471.0
-352.0 -103.0
6.0 214.0
-162.0 421.0
3.0 -378.0
-214.0 -486.0
-80.0 -386.0
-42.0 -135.0
-115.0 -161.0
92.0 -63.0
-93.0 -79.0
-249.0 -412.0
-47.0 -290.0
-155.0 244.0
276.0 450.0
484.0 -112.0
-57.0 329.0
43.0 -9.0
-463.0 395.0
19.0 -17.0
-281.0 269.0
-245.0 168.0
-229.0 -11.0
237.0 -18.0
-468.0 -284.0
-178.0 -355.0
316.0 -309.0
181.0 112.0
-309.0 324.0
50.0 290.0
-72.0 -447.0
151.0 312.0
-112.0 -462.0
38.0 -352.0
35.0 -215.0
-361.0 -432.0
113.0 -395.0
251.0 -263.0
430.0 -61.0
-457.0 -209.0
81.0 -467.0
-307.0 -433.0
28.0 -82.0
-473.0 -358.0
105.0 320.0
-167.0 461.0
-413.0 -75.0
-357.0 105.0
-66.0 439.0
-394.0 467.0
-430.0 -300.0
5.0 129.0
178.0 -177.0
266.0 -476.0
-304.0 497.0
-298.0 266.0
-262.0 275.0
-132.0 356.0
303.0 360.0
180.0 33.0
21.0 261.0
-433.0 70.0
-186.0 -454.0
-466.0 132.0
-187.0 -310.0
11.0 162.0
385.0 -151.0
-156.0 -210.0
-271.0 412.0
-142.0 377.0
-141.0 -63.0
255.0 63.0
147.0 361.0
67.0 -487.0
406.0 -453.0
-492.0 -158.0
348.0 488.0
297.0 477.0
-99.0 -473.0
419.0 209.0
-308.0 12.0
98.0 19.0
-113.0 492.0
-172.0 -251.0
104.0 -150.0
242.0 69.0
-407.0 233.0
-271.0 -454.0
-456.0 -476.0
256.0 228.0
-485.0 -402.0
340.0 469.0
-280.0 23.0
176.0 333.0
277.0 -159.0
212.0 -218.0
356.0 170.0
-162.0 -353.0
141.0 -40.0
137.0 -484.0
-52.0 422.0
432.0 226.0
479.0 -337.0
-441.0 -355.0
326.0 -97.0
173.0 389.0
237.0 -262.0
110.0 -440.0
166.0 -204.0
259.0 482.0
-488.0 -81.0
-89.0 84.0
-81.0 82.0
-278.0 -408.0
71.0 -125.0
-41.0 -149.0
-402.0 -149.0
-69.0 345.0
-146.0 -6.0
259.0 -269.0
151.0 -262.0
115.0 -476.0
246.0 -30.0
-276.0 -232.0
473.0 -397.0
346.0 -217.0
-14.0 145.0
-88.0 -296.0
113.0 192.0
-231.0 -106.0
-317.0 72.0
-458.0 7.0
477.0 -134.0
429.0 292.0
-287.0 397.0
3.0 13.0
-141.0 99.0
-445.0 21.0
113.0 -367.0
442.0 164.0
66.0 299.0
-322.0 -252.0
119.0 -115.0
352.0 425.0
315.0 135.0
-113.0 -58.0
-307.0 145.0
493.0 -463.0
-484.0 152.0
169.0 496.0
-308.0 -415.0
-352.0 -221.0
454.0 455.0
66.0 288.0
266.0 -349.0
160.0 -313.0
379.0 415.0
-478.0 471.0
-60.0 -226.0
-27.0 314.0
207.0 204.0
396.0 313.0
284.0 23.0
-430.0 300.0
-157.0 224.0
266.0 246.0
-52.0 -470.0
56.0 418.0
-27.0 -399.0
177.0 80.0
67.0 -254.0
319.0 98.0
-54.0 -207.0
-114.0 -267.0
277.0 99.0
-320.0 9.0
340.0 329.0
403.0 91.0
127.0 -155.0
-28.0 -104.0
-266.0 -194.0
433.0 -39.0
386.0 291.0
-49.0 -189.0
-259.0 -16.0
328.0 416.0
-434.0 72.0
148.0 68.0
179.0 -180.0
-123.0 187.0
204.0 -298.0
-344.0 -32.0
90.0 -15.0
-17.0 -421.0
-231.0 -184.0
286.0 -47.0
-278.0 465.0
119.0 -128.0
-479.0 419.0
325.0 260.0
275.0 -85.0
126.0 71.0
364.0 279.0
437.0 -49.0
83.0 105.0
157.0 185.0
-362.0 177.0
-200.0 -396.0
122.0 306.0
-455.0 -128.0
-195.0 -293.0
-437.0 -368.0
-479.0 299.0
-347.0 380.0
-108.0 201.0
65.0 -263.0
245.0 302.0
-156.0 -459.0
-6.0 -135.0
117.0 -28.0
3.0 -68.0
-408.0 44.0
89.0 211.0
-460.0 -111.0
-448.0 155.0
102.0 -167.0
427.0 -257.0
281.0 138.0
-194.0 11.0
466.0 -239.0
390.0 229.0
-380.0 411.0
48.0 500.0
-430.0 -397.0
232.0 369.0
-94.0 95.0
352.0 -44.0
237.0 -484.0
425.0 91.0
365.0 264.0
-205.0 345.0
25.0 -121.0
-456.0 -460.0
-405.0 149.0
-91.0 169.0
123.0 -281.0
-261.0 -258.0
311.0 266.0
398.0 -340.0
118.0 121.0
-248.0 -145.0
-302.0 146.0
17.0 32.0
-247.0 294.0
137.0 -469.0
-106.0 -358.0
-159.0 467.0
471.0 -200.0
-28.0 331.0
428.0 207.0
-327.0 -103.0
285.0 -233.0
190.0 -79.0
492.0 -47.0
-102.0 238.0
5.0 -275.0
343.0 -466.0
-51.0 -40.0
-252.0 421.0
331.0 -290.0
497.0 -319.0
368.0 -290.0
-214.0 -26.0
383.0 -344.0
-103.0 367.0
100.0 411.0
-359.0 326.0
304.0 -294.0
262.0 -137.0
-52.0 -205.0
-68.0 -439.0
-402.0 -289.0
-91.0 158.0
276.0 -176.0
228.0 194.0
-194.0 304.0
-35.0 490.0
-383.0 253.0
185.0 8.0
-50.0 67.0
-382.0 -300.0
487.0 234.0
-362.0 283.0
339.0 389.0
-229.0 -225.0
-32.0 -422.0
432.0 25.0
495.0 76.0
101.0 -422.0
244.0 87.0
266.0 -178.0
283.0 -488.0
-251.0 52.0
118.0 -95.0
-26.0 -454.0
9.0 -34.0
197.0 46.0
342.0 433.0
499.0 399.0
409.0 6.0
-319.0 182.0
388.0 335.0
27.0 250.0
70.0 -169.0
-115.0 -151.0
58.0 -349.0
-226.0 402.0
-286.0 -288.0
446.0 -27.0
428.0 151.0
6.0 76.0
-292.0 134.0
28.0 206.0
-411.0 483.0
-351.0 274.0
272.0 144.0
-360.0 51.0
-126.0 349.0
360.0 355.0
473.0 78.0
-423.0 100.0
432.0 -408.0
-139.0 -116.0
-404.0 390.0
-37.0 -55.0
-320.0 -256.0
-380.0 -263.0
-439.0 162.0
108.0 19.0
412.0 462.0
-255.0 -330.0
232.0 11.0
-307.0 -313.0
48.0 -467.0
-426.0 -141.0
200.0 371.0
148.0 16.0
216.0 437.0
167.0 54.0
170.0 436.0
-455.0 -314.0
-355.0 281.0
299.0 -435.0
308.0 37.0
219.0 47.0
347.0 -209.0
126.0 -381.0
-245.0 307.0
440.0 430.0
-204.0 230.0
477.0 -175.0
350.0 -413.0
-132.0 192.0
-272.0 140.0
-390.0 211.0
15.0 -315.0
206.0 -14.0
402.0 230.0
311.0 -182.0
-305.0 -105.0
58.0 -142.0
157.0 72.0
-185.0 152.0
-207.0 286.0
152.0 -400.0
-179.0 180.0
266.0 387.0
74.0 -199.0
-75.0 206.0
-271.0 -389.0
-328.0 -176.0
429.0 424.0
-429.0 435.0
149.0 36.0
198.0 -250.0
-258.0 72.0
126.0 358.0
56.0 188.0
480.0 -326.0
91.0 169.0
449.0 210.0
-205.0 -123.0
355.0 -383.0
-22.0 389.0
-32.0 -377.0
-205.0 474.0
-336.0 -460.0
194.0 -216.0
39.0 297.0
62.0 5.0
-499.0 305.0
-125.0 -57.0
-398.0 433.0
78.0 -339.0
-173.0 -355.0
-17.0 -104.0
-414.0 109.0
295.0 -422.0
328.0 -312.0
-290.0 336.0
-438.0 408.0
-348.0 -177.0
-106.0 171.0
-344.0 326.0
58.0 101.0
391.0 410.0
100.0 414.0
-372.0 -198.0
358.0 -365.0
76.0 -499.0
-431.0 454.0
-149.0 243.0
-192.0 -214.0
153.0 435.0
324.0 -311.0
300.0 -489.0
-16.0 94.0
164.0 -139.0
484.0 -278.0
372.0 -238.0
213.0 -73.0
-137.0 -470.0
-262.0 347.0
256.0 -126.0
271.0 153.0
399.0 58.0
29.0 -271.0
-132.0 449.0
52.0 -407.0
478.0 -330.0
-78.0 263.0
-105.0 475.0
217.0 68.0
-188.0 277.0
-349.0 -359.0
244.0 418.0
-100.0 171.0
-457.0 171.0
165.0 -362.0
40.0 456.0
-122.0 30.0
6.0 72.0
41.0 -331.0
-309.0 100.0
42.0 475.0
57.0 212.0
381.0 269.0
491.0 -475.0
-118.0 409.0
-90.0 352.0
-40.0 -247.0
449.0 490.0
445.0 140.0
-448.0 379.0
-468.0 56.0
-105.0 -310.0
251.0 -101.0
-366.0 286.0
-93.0 -442.0
352.0 326.0
173.0 497.0
162.0 -121.0
-470.0 -174.0
396.0 88.0
450.0 386.0
424.0 -100.0
91.0 261.0
-436.0 374.0
345.0 286.0
-437.0 432.0
144.0 53.0
242.0 -60.0
-473.0 -293.0
-344.0 -486.0
417.0 272.0
400.0 54.0
-382.0 -323.0
401.0 -246.0
413.0 407.0
385.0 387.0
-455.0 283.0
65.0 269.0
-129.0 -467.0
62.0 369.0
192.0 473.0
-418.0 -268.0
414.0 59.0
-39.0 -93.0
190.0 -81.0
-349.0 397.0
432.0 272.0
-234.0 35.0
300.0 368.0
-103.0 480.0
-89.0 -235.0
468.0 270.0
-106.0 394.0
-430.0 -273.0
-164.0 -157.0
-488.0 -286.0
258.0 290.0
-372.0 -462.0
-478.0 -326.0
38.0 300.0
-3.0 235.0
339.0 68.0
-270.0 491.0
-462.0 -314.0
53.0 221.0
302.0 90.0
5.0 -247.0
-398.0 42.0
350.0 317.0
-392.0 -336.0
186.0 82.0
-403.0 291.0
-391.0 -108.0
302.0 75.0
91.0 414.0
242.0 -407.0
119.0 268.0
-51.0 385.0
-65.0 88.0
90.0 -2.0
-162.0 144.0
-439.0 -169.0
-422.0 -266.0
-463.0 -416.0
441.0 -426.0
-425.0 -448.0
62.0 181.0
-82.0 35.0
-459.0 422.0
-303.0 -286.0
-69.0 -41.0
-87.0 -128.0
71.0 467.0
403.0 -109.0
-410.0 -274.0
-343.0 -263.0
357.0 -251.0
-172.0 72.0
325.0 -110.0
326.0 -474.0
-334.0 -31.0
-231.0 94.0
-129.0 73.0
181.0 21.0
152.0 -416.0
446.0 369.0
-447.0 -113.0
-194.0 21.0
8.0 290.0
-227.0 -393.0
214.0 -278.0
-274.0 -263.0
-119.0 -5.0
379.0 -345.0
-474.0 241.0
400.0 -241.0
136.0 -96.0
-352.0 -192.0
-459.0 -237.0
80.0 -424.0
-144.0 209.0
-142.0 359.0
95.0 -7.0
-411.0 -422.0
-48.0 283.0
-195.0 189.0
239.0 195.0
-390.0 -74.0
325.0 -439.0
470.0 443.0
122.0 -422.0
406.0 -5.0
399.0 200.0
427.0 379.0
-66.0 -479.0
-267.0 143.0
276.0 -56.0
440.0 91.0
-393.0 34.0
-41.0 112.0
249.0 449.0
-254.0 177.0
336.0 -441.0
-365.0 -105.0
448.0 -16.0
489.0 182.0
44.0 -340.0
468.0 -481.0
-309.0 -385.0
488.0 398.0
222.0 -293.0
-44.0 -40.0
156.0 269.0
-209.0 -133.0
226.0 169.0
-174.0 208.0
-15.0 -370.0
492.0 -439.0
25.0 -281.0
198.0 21.0
-409.0 -10.0
-163.0 175.0
182.0 -428.0
67.0 -129.0
-41.0 455.0
-406.0 -66.0
-109.0 191.0
459.0 -488.0
142.0 -350.0
122.0 -443.0
-315.0 89.0
-53.0 -344.0
405.0 143.0
236.0 337.0
279.0 -330.0
140.0 201.0
216.0 -335.0
407.0 -161.0
-168.0 -376.0
-140.0 -291.0
-441.0 -7.0
-259.0 -68.0
115.0 -393.0
-85.0 -239.0
243.0 -284.0
-469.0 195.0
-401.0 277.0
166.0 -478.0
424.0 113.0
-148.0 -165.0
-193.0 -182.0
282.0 240.0
-225.0 485.0
136.0 375.0
84.0 268.0
186.0 431.0
-269.0 -207.0
313.0 433.0
311.0 225.0
65.0 187.0
414.0 345.0
-259.0 -434.0
-49.0 63.0
241.0 -298.0
187.0 -146.0
298.0 -212.0
23.0 -416.0
144.0 -451.0
201.0 12.0
-167.0 210.0
445.0 -217.0
60.0 -381.0
-460.0 446.0
-295.0 -219.0
74.0 95.0
214.0 295.0
66.0 96.0
204.0 34.0
422.0 9.0
-89.0 -92.0
277.0 -119.0
390.0 -188.0
313.0 -275.0
-445.0 -496.0
-210.0 -443.0
122.0 -24.0
-400.0 479.0
-179.0 -371.0
-401.0 343.0
201.0 113.0
-93.0 482.0
-164.0 305.0
407.0 59.0
-481.0 -230.0
445.0 135.0
329.0 -22.0
178.0 138.0
369.0 -167.0
-168.0 383.0
-243.0 -215.0
-20.0 72.0
156.0 -136.0
-152.0 86.0
-79.0 -448.0
58.0 -27.0
490.0 -119.0
359.0 424.0
379.0 -303.0
-210.0 -226.0
-316.0 379.0
412.0 72.0
496.0 -428.0
196.0 -212.0
-417.0 -424.0
284.0 -299.0
-113.0 307.0
1750
-255.0 63.0
156.0 -227.0
-110.0 109.0
476.0 40.0
-170.0 226.0
440.0 100.0
337.0 -282.0
-343.0 339.0
-414.0 220.0
-50.0 -301.0
301.0 113.0
214.0 -366.0
409.0 117.0
-143.0 72.0
420.0 377.0
-140.0 10.0
-473.0 121.0
-114.0 -223.0
-458.0 -427.0
-201.0 -250.0
329.0 -413.0
-205.0 37.0
336.0 -249.0
-185.0 158.0
163.0 139.0
-469.0 -72.0
111.0 -411.0
113.0 405.0
98.0 -491.0
-255.0 47.0
144.0 -471.0
270.0 -304.0
-368.0 85.0
266.0 161.0
224.0 64.0
317.0 -282.0
-195.0 -280.0
285.0 -8.0
-381.0 -418.0
-26.0 181.0
139.0 -194.0
-223.0 -79.0
409.0 -16.0
260.0 1.0
49.0 -278.0
-149.0 300.0
-259.0 -423.0
-189.0 -287.0
14.0 -287.0
-243.0 -456.0
-360.0 315.0
293.0 -166.0
-25.0 319.0
281.0 -256.0
-487.0 24.0
-479.0 359.0
-66.0 -493.0
-40.0 -463.0
-367.0 -102.0
-50.0 429.0
-423.0 310.0
-232.0 -150.0
-273.0 -235.0
209.0 -369.0
49.0 95.0
-210.0 458.0
351.0 66.0
472.0 -105.0
397.0 115.0
15.0 -378.0
112.0 -318.0
-416.0 414.0
-142.0 -93.0
263.0 -344.0
-295.0 135.0
37.0 167.0
-61.0 449.0
-161.0 -454.0
-358.0 -94.0
362.0 487.0
139.0 -143.0
-273.0 303.0
-296.0 492.0
-406.0 292.0
-200.0 337.0
113.0 -252.0
-34.0 312.0
81.0 -200.0
-301.0 307.0
96.0 414.0
266.0 290.0
457.0 7.0
-112.0 459.0
81.0 462.0
246.0 463.0
387.0 41.0
-386.0 305.0
-397.0 259.0
-199.0 -214.0
268.0 56.0
-237.0 56.0
-346.0 -99.0
-461.0 -308.0
276.0 111.0
-326.0 401.0
422.0 282.0
67.0 463.0
190.0 -311.0
311.0 257.0
176.0 207.0
288.0 -139.0
-80.0 -277.0
431.0 -295.0
365.0 -8.0
162.0 -126.0
217.0 -78.0
160.0 34.0
-47.0 -65.0
-281.0 -102.0
474.0 422.0
-19.0 147.0
443.0 451.0
5.0 192.0
-311.0 -413.0
-389.0 -435.0
144.0 191.0
-328.0 -5.0
-44.0 352.0
26.0 24.0
-160.0 422.0
-482.0 -483.0
116.0 462.0
354.0 216.0
-110.0 66.0
-352.0 -323.0
62.0 493.0
492.0 126.0
347.0 317.0
43.0 -68.0
-87.0 -202.0
-173.0 -111.0
330.0 -287.0
-238.0 98.0
412.0 73.0
176.0 -301.0
-351.0 41.0
409.0 370.0
-41.0 -157.0
-31.0 -272.0
192.0 -413.0
133.0 -128.0
498.0 -208.0
39.0 -134.0
217.0 -499.0
-145.0 159.0
-149.0 434.0
-329.0 -34.0
493.0 179.0
-316.0 407.0
-365.0 54.0
289.0 -389.0
125.0 189.0
190.0 72.0
263.0 114.0
288.0 51.0
-443.0 -155.0
115.0 -450.0
26.0 7.0
185.0 -166.0
-472.0 -326.0
163.0 314.0
44.0 -456.0
96.0 -138.0
229.0 487.0
-237.0 -44.0
63.0 185.0
15.0 -305.0
217.0 466.0
18.0 -286.0
238.0 321.0
-242.0 -52.0
163.0 -41.0
438.0 334.0
-49.0 128.0
-477.0 324.0
165.0 331.0
87.0 383.0
-35.0 296.0
425.0 -461.0
333.0 -232.0
-181.0 408.0
458.0 -200.0
-354.0 -364.0
-322.0 -275.0
-23.0 477.0
296.0 -392.0
-266.0 372.0
-251.0 -432.0
380.0 410.0
-481.0 116.0
-329.0 377.0
-313.0 6.0
-117.0 -383.0
415.0 -329.0
-270.0 61.0
-44.0 35.0
328.0 63.0
24.0 -258.0
171.0 219.0
-378.0 115.0
-132.0 -258.0
-489.0 -429.0
106.0 354.0
-229.0 343.0
-477.0 273.0
61.0 -239.0
124.0 204.0
-286.0 -23.0
-492.0 45.0
-262.0 -486.0
-22.0 -411.0
473.0 312.0
486.0 -400.0
-177.0 425.0
405.0 43.0
-90.0 -374.0
402.0 305.0
195.0 295.0
-392.0 221.0
309.0 -489.0
-305.0 -17.0
278.0 481.0
450.0 -212.0
432.0 -20.0
3.0 83.0
-358.0 21.0
357.0 -97.0
-475.0 465.0
316.0 -36.0
51.0 137.0
-390.0 348.0
-61.0 -280.0
-56.0 -173.0
-57.0 -93.0
-443.0 347.0
88.0 487.0
-156.0 -371.0
-55.0 343.0
-239.0 -96.0
-486.0 142.0
76.0 157.0
-22.0 -484.0
65.0 296.0
-137.0 -370.0
-178.0 -453.0
121.0 67.0
-180.0 417.0
-202.0 -408.0
-258.0 -378.0
249.0 -438.0
-355.0 -8.0
-449.0 -360.0
-205.0 206.0
8.0 -227.0
-322.0 319.0
88.0 301.0
-170.0 239.0
196.0 -119.0
39.0 362.0
231.0 -81.0
-470.0 310.0
-364.0 -190.0
-303.0 -269.0
-25.0 -286.0
-23.0 -277.0
-291.0 11.0
324.0 -327.0
-292.0 358.0
-151.0 -253.0
-248.0 -180.0
362.0 266.0
-387.0 490.0
-344.0 -116.0
193.0 -107.0
423.0 390.0
-474.0 -457.0
-407.0 326.0
268.0 -396.0
246.0 209.0
-154.0 299.0
472.0 269.0
355.0 4.0
-243.0 -84.0
-492.0 -167.0
261.0 -148.0
255.0 -390.0
-474.0 -262.0
82.0 -430.0
-455.0 467.0
79.0 23.0
-221.0 369.0
488.0 -269.0
193.0 -33.0
8.0 -133.0
-106.0 226.0
35.0 -470.0
-3.0 -110.0
2.0 126.0
465.0 -430.0
365.0 -193.0
-310.0 -374.0
-145.0 36.0
462.0 187.0
-344.0 299.0
43.0 -83.0
411.0 -494.0
215.0 396.0
-349.0 283.0
434.0 75.0
-197.0 110.0
-131.0 41.0
78.0 -23.0
-144.0 -134.0
-491.0 425.0
-383.0 416.0
-57.0 288.0
-107.0 -300.0
361.0 -100.0
-173.0 417.0
-27.0 56.0
237.0 342.0
214.0 -415.0
-254.0 -46.0
-270.0 -165.0
-484.0 -40.0
457.0 -437.0
-383.0 -245.0
-397.0 -29.0
423.0 -206.0
-150.0 357.0
424.0 -345.0
43.0 -328.0
465.0 150.0
69.0 443.0
-425.0 -361.0
25.0 -304.0
-208.0 92.0
-203.0 -480.0
114.0 -214.0
335.0 445.0
-420.0 236.0
-438.0 33.0
395.0 -252.0
406.0 -197.0
74.0 149.0
-118.0 46.0
378.0 126.0
-326.0 -463.0
-377.0 -246.0
-449.0 -289.0
176.0 -54.0
-51.0 247.0
-159.0 -248.0
-397.0 -490.0
435.0 359.0
299.0 431.0
300.0 -218.0
-102.0 -484.0
216.0 -102.0
-14.0 -347.0
-231.0 309.0
378.0 142.0
74.0 325.0
-26.0 251.0
-398.0 323.0
229.0 215.0
81.0 -74.0
310.0 -484.0
136.0 43.0
-190.0 -189.0
-106.0 -167.0
59.0 -470.0
462.0 -467.0
401.0 -451.0
188.0 -456.0
-156.0 -173.0
498.0 424.0
254.0 -225.0
114.0 -314.0
-7.0 -411.0
439.0 299.0
-421.0 -106.0
-275.0 -276.0
-234.0 325.0
-403.0 407.0
118.0 -210.0
344.0 386.0
351.0 428.0
-496.0 -416.0
206.0 289.0
392.0 -55.0
48.0 -315.0
-202.0 -318.0
210.0 7.0
-226.0 357.0
49.0 -465.0
-348.0 -203.0
362.0 -294.0
280.0 -232.0
-394.0 97.0
116.0 -94.0
353.0 409.0
455.0 73.0
100.0 -230.0
135.0 360.0
145.0 362.0
153.0 154.0
-351.0 -233.0
-214.0 464.0
455.0 492.0
470.0 423.0
355.0 -28.0
-413.0 -216.0
-446.0 86.0
-188.0 215.0
-200.0 401.0
-410.0 426.0
-305.0 157.0
406.0 -322.0
-335.0 -357.0
249.0 -304.0
346.0 -432.0
322.0 71.0
22.0 369.0
335.0 -349.0
265.0 169.0
-18.0 -52.0
-492.0 245.0
-312.0 -154.0
330.0 310.0
-289.0 -245.0
217.0 489.0
-377.0 396.0
422.0 324.0
258.0 208.0
-170.0 -230.0
282.0 -35.0
207.0 335.0
103.0 -64.0
426.0 127.0
117.0 -488.0
-31.0 308.0
-204.0 347.0
182.0 -389.0
-40.0 399.0
209.0 -103.0
-93.0 302.0
429.0 -252.0
-56.0 -285.0
315.0 -77.0
-490.0 -170.0
422.0 206.0
-422.0 284.0
440.0 -28.0
356.0 463.0
-133.0 408.0
485.0 -468.0
-412.0 -452.0
-477.0 -352.0
-385.0 -495.0
-375.0 -155.0
-203.0 332.0
-64.0 36.0
308.0 -477.0
301.0 392.0
-57.0 -121.0
309.0 474.0
-254.0 -175.0
95.0 321.0
-260.0 -108.0
-81.0 -50.0
-394.0 -236.0
-228.0 235.0
332.0 344.0
-454.0 -192.0
113.0 -500.0
164.0 410.0
-307.0 143.0
262.0 -391.0
18.0 455.0
86.0 141.0
123.0 345.0
211.0 -314.0
389.0 -426.0
495.0 117.0
300.0 -108.0
308.0 105.0
31.0 -171.0
-271.0 -243.0
281.0 -52.0
313.0 -219.0
391.0 -234.0
-427.0 356.0
314.0 200.0
110.0 -26.0
94.0 -280.0
319.0 416.0
-28.0 -155.0
379.0 -225.0
-186.0 -38.0
-167.0 203.0
406.0 -96.0
11.0 -161.0
-499.0 438.0
-497.0 -300.0
463.0 83.0
-184.0 401.0
-224.0 45.0
-324.0 -170.0
-332.0 57.0
87.0 54.0
67.0 401.0
16.0 224.0
390.0 -483.0
-263.0 -372.0
-420.0 408.0
-195.0 -210.0
-117.0 142.0
-272.0 355.0
-160.0 204.0
451.0 194.0
-263.0 41.0
389.0 453.0
51.0 -19.0
-202.0 -290.0
-255.0 225.0
-316.0 -141.0
-227.0 328.0
-5.0 -320.0
442.0 252.0
113.0 9.0
446.0 -61.0
-460.0 -237.0
-111.0 -317.0
90.0 -299.0
-460.0 449.0
219.0 471.0
348.0 -499.0
92.0 -431.0
-94.0 -428.0
366.0 -125.0
403.0 -465.0
275.0 -490.0
206.0 -340.0
-367.0 -10.0
486.0 -120.0
381.0 -188.0
-40.0 -284.0
-495.0 -422.0
-320.0 -469.0
-108.0 -457.0
255.0 -271.0
-50.0 496.0
-17.0 130.0
-421.0 226.0
17.0 -72.0
192.0 312.0
-452.0 279.0
-263.0 -360.0
344.0 19.0
-349.0 95.0
221.0 42.0
-120.0 -133.0
241.0 -276.0
-351.0 98.0
166.0 -75.0
-262.0 355.0
-13.0 -405.0
449.0 -241.0
242.0 -189.0
346.0 218.0
323.0 90.0
-27.0 -2.0
-217.0 -319.0
-139.0 186.0
217.0 238.0
-482.0 -236.0
-497.0 -149.0
-21.0 -472.0
392.0 -102.0
-477.0 -439.0
382.0 242.0
-444.0 348.0
457.0 -141.0
-220.0 92.0
74.0 -480.0
76.0 -160.0
437.0 450.0
-83.0 -31.0
-97.0 303.0
-488.0 218.0
-384.0 -173.0
94.0 -243.0
-265.0 -398.0
-389.0 312.0
405.0 230.0
-129.0 221.0
-492.0 -124.0
184.0 419.0
158.0 286.0
149.0 433.0
-385.0 408.0
-56.0 359.0
-230.0 328.0
-97.0 -25.0
474.0 -31.0
147.0 -187.0
-286.0 -19.0
337.0 398.0
-299.0 -160.0
230.0 358.0
483.0 -486.0
58.0 225.0
-387.0 68.0
-281.0 -134.0
-329.0 473.0
-63.0 54.0
-10.0 422.0
-33.0 -260.0
-31.0 445.0
-159.0 -62.0
403.0 -226.0
-406.0 375.0
-269.0 -228.0
-108.0 412.0
-148.0 430.0
367.0 -203.0
255.0 -295.0
116.0 375.0
50.0 39.0
278.0 -105.0
-33.0 357.0
51.0 -10.0
-323.0 85.0
264.0 -186.0
-263.0 -75.0
267.0 -212.0
-490.0 -413.0
3.0 437.0
-26.0 -114.0
467.0 115.0
-90.0 158.0
148.0 18.0
-427.0 -443.0
297.0 129.0
202.0 -108.0
-398.0 286.0
-32.0 -245.0
-29.0 48.0
269.0 280.0
443.0 -174.0
-371.0 219.0
365.0 -258.0
425.0 233.0
319.0 -191.0
-400.0 111.0
-445.0 250.0
-149.0 -87.0
471.0 -125.0
4.0 177.0
-28.0 -454.0
342.0 -183.0
-199.0 -55.0
329.0 109.0
-430.0 -39.0
193.0 403.0
65.0 164.0
-90.0 -431.0
381.0 368.0
-244.0 117.0
448.0 -24.0
293.0 -167.0
-494.0 454.0
-388.0 -432.0
-264.0 -41.0
437.0 32.0
-12.0 -451.0
-41.0 -463.0
304.0 -218.0
-115.0 328.0
-408.0 -452.0
-297.0 335.0
-348.0 333.0
264.0 -238.0
-273.0 -130.0
-332.0 -210.0
143.0 391.0
-42.0 -338.0
93.0 -361.0
-400.0 -241.0
-145.0 -234.0
-295.0 145.0
445.0 -196.0
256.0 -319.0
-98.0 -374.0
-371.0 123.0
83.0 475.0
-421.0 104.0
-250.0 221.0
35.0 -334.0
-221.0 232.0
-293.0 207.0
-291.0 -131.0
-185.0 -353.0
-99.0 449.0
438.0 90.0
-320.0 350.0
-421.0 -254.0
198.0 361.0
-190.0 -163.0
212.0 499.0
-408.0 383.0
430.0 -117.0
119.0 287.0
-134.0 -202.0
-84.0 -410.0
421.0 189.0
-468.0 -141.0
-240.0 -492.0
103.0 -394.0
-301.0 -91.0
42.0 478.0
-146.0 -29.0
115.0 72.0
-59.0 365.0
-35.0 122.0
-277.0 -16.0
-196.0 -220.0
-364.0 -8.0
417.0 196.0
218.0 -181.0
-339.0 -96.0
389.0 364.0
-179.0 -59.0
-322.0 133.0
-381.0 87.0
377.0 445.0
472.0 232.0
-35.0 411.0
305.0 -250.0
408.0 46.0
-355.0 -270.0
401.0 354.0
227.0 -354.0
-93.0 -111.0
76.0 289.0
341.0 -234.0
396.0 309.0
51.0 -469.0
-32.0 24.0
-258.0 -136.0
-179.0 47.0
-28.0 -362.0
500.0 433.0
290.0 -448.0
-134.0 408.0
243.0 317.0
-488.0 -138.0
-468.0 -306.0
-232.0 -437.0
-140.0 -433.0
-421.0 -10.0
-236.0 -277.0
303.0 -340.0
-231.0 -31.0
226.0 265.0
132.0 122.0
-90.0 -362.0
111.0 283.0
-181.0 -27.0
-226.0 176.0
-252.0 345.0
156.0 -283.0
455.0 461.0
46.0 -205.0
-129.0 -156.0
-177.0 -114.0
91.0 -308.0
-338.0 -117.0
219.0 -198.0
103.0 -316.0
-439.0 -270.0
169.0 -470.0
-351.0 164.0
307.0 272.0
-464.0 357.0
-191.0 -351.0
306.0 -195.0
243.0 224.0
241.0 -131.0
-248.0 473.0
436.0 393.0
271.0 113.0
-54.0 290.0
28.0 247.0
-29.0 -296.0
-484.0 -391.0
-201.0 74.0
43.0 351.0
354.0 183.0
-346.0 -428.0
-272.0 401.0
-389.0 430.0
420.0 -95.0
-256.0 186.0
-384.0 -377.0
358.0 120.0
-247.0 351.0
-338.0 -294.0
-495.0 349.0
278.0 -80.0
-207.0 443.0
-53.0 56.0
-369.0 391.0
-490.0 170.0
-221.0 284.0
193.0 257.0
-310.0 -156.0
-298.0 -49.0
-433.0 439.0
-272.0 -16.0
352.0 -369.0
354.0 75.0
223.0 216.0
-324.0 -117.0
-22.0 126.0
-445.0 -411.0
434.0 -421.0
24.0 -419.0
-498.0 -191.0
402.0 463.0
-99.0 -87.0
12.0 -476.0
318.0 -46.0
354.0 14.0
29.0 441.0
218.0 31.0
462.0 -9.0
-123.0 -409.0
458.0 -235.0
162.0 -445.0
156.0 136.0
108.0 298.0
202.0 420.0
-151.0 17.0
-490.0 -396.0
-136.0 245.0
138.0 322.0
-404.0 445.0
272.0 -65.0
248.0 -345.0
8.0 208.0
-34.0 -370.0
51.0 -338.0
-449.0 -430.0
71.0 -289.0
-444.0 84.0
-416.0 138.0
117.0 206.0
-168.0 -34.0
-156.0 315.0
-136.0 223.0
49.0 450.0
278.0 -378.0
75.0 -113.0
-61.0 -29.0
-239.0 460.0
-220.0 138.0
-14.0 280.0
-126.0 396.0
-31.0 -214.0
18.0 222.0
-135.0 -486.0
348.0 -317.0
404.0 -446.0
-383.0 -344.0
-294.0 276.0
-397.0 -411.0
335.0 373.0
117.0 -444.0
245.0 -347.0
-145.0 -164.0
-327.0 -47.0
467.0 -125.0
-29.0 -13.0
-16.0 -262.0
120.0 -494.0
-386.0 -238.0
336.0 -464.0
11.0 -232.0
13.0 500.0
-341.0 110.0
-210.0 -384.0
-323.0 -444.0
-9.0 -208.0
102.0 208.0
230.0 -61.0
284.0 215.0
-419.0 -354.0
-316.0 43.0
-126.0 488.0
213.0 92.0
51.0 188.0
-385.0 -138.0
-328.0 -46.0
-454.0 36.0
414.0 -375.0
125.0 226.0
-194.0 449.0
-405.0 -100.0
-18.0 263.0
5.0 155.0
251.0 -69.0
218.0 -485.0
337.0 -63.0
-28.0 277.0
68.0 -195.0
-43.0 -176.0
-264.0 174.0
-454.0 277.0
-309.0 156.0
45.0 83.0
-241.0 -411.0
200.0 -408.0
-249.0 -350.0
301.0 192.0
-387.0 -365.0
-269.0 -416.0
383.0 23.0
-135.0 -444.0
1.0 -446.0
-472.0 205.0
117.0 -115.0
467.0 454.0
284.0 -91.0
374.0 -252.0
186.0 383.0
-48.0 -331.0
-186.0 100.0
364.0 243.0
294.0 -365.0
-377.0 -154.0
-314.0 -364.0
-203.0 -267.0
-415.0 416.0
-386.0 264.0
382.0 -402.0
453.0 -152.0
323.0 -447.0
235.0 56.0
58.0 138.0
-391.0 -299.0
365.0 -377.0
15.0 497.0
-204.0 366.0
183.0 24.0
-247.0 140.0
-352.0 -137.0
401.0 73.0
275.0 135.0
191.0 248.0
-358.0 -368.0
-256.0 -248.0
313.0 -35.0
-314.0 -85.0
101.0 85.0
-152.0 -256.0
-191.0 -329.0
-484.0 266.0
-461.0 -276.0
238.0 -120.0
429.0 414.0
165.0 -65.0
-265.0 284.0
-56.0 -415.0
114.0 -369.0
361.0 -244.0
134.0 -41.0
473.0 -398.0
-463.0 3.0
-41.0 -110.0
-348.0 -283.0
416.0 319.0
-292.0 -493.0
154.0 -55.0
-206.0 -71.0
42.0 217.0
35.0 -364.0
320.0 136.0
-408.0 -330.0
84.0 247.0
99.0 100.0
-23.0 484.0
30.0 73.0
-372.0 -394.0
-243.0 51.0
371.0 459.0
-35.0 104.0
493.0 280.0
-173.0 447.0
-463.0 106.0
-81.0 248.0
-218.0 62.0
-39.0 -253.0
-367.0 -15.0
-32.0 334.0
444.0 184.0
65.0 355.0
-274.0 323.0
450.0 -20.0
193.0 85.0
-57.0 350.0
-19.0 -379.0
377.0 -305.0
170.0 -84.0
-341.0 -23.0
130.0 338.0
-161.0 421.0
-56.0 459.0
-136.0 -155.0
277.0 28.0
33.0 -114.0
-294.0 393.0
301.0 -337.0
195.0 344.0
-442.0 -260.0
131.0 474.0
-11.0 413.0
202.0 -348.0
164.0 -77.0
-27.0 351.0
207.0 -376.0
-107.0 -12.0
260.0 415.0
-464.0 -220.0
-257.0 9.0
478.0 293.0
-257.0 83.0
-79.0 -2.0
-350.0 -180.0
-194.0 -269.0
-179.0 -340.0
-182.0 -401.0
-373.0 -360.0
-53.0 444.0
256.0 449.0
154.0 -62.0
86.0 494.0
-79.0 -183.0
295.0 271.0
-452.0 -344.0
105.0 446.0
371.0 91.0
364.0 36.0
101.0 134.0
110.0 -113.0
235.0 -134.0
103.0 -107.0
-453.0 464.0
75.0 -55.0
428.0 -368.0
394.0 390.0
-282.0 293.0
-127.0 -425.0
-321.0 -405.0
91.0 234.0
-412.0 -289.0
-255.0 27.0
453.0 -376.0
17.0 -363.0
-34.0 259.0
-241.0 -200.0
-244.0 318.0
-273.0 208.0
216.0 -287.0
366.0 -305.0
-357.0 -238.0
-380.0 351.0
355.0 133.0
-199.0 -183.0
85.0 -137.0
372.0 59.0
351.0 -195.0
-214.0 249.0
322.0 -452.0
136.0 491.0
-292.0 367.0
68.0 -358.0
241.0 449.0
493.0 188.0
281.0 -428.0
185.0 -458.0
454.0 128.0
413.0 -190.0
364.0 226.0
1.0 -147.0
-482.0 152.0
14.0 326.0
-185.0 -67.0
-74.0 -307.0
-353.0 -360.0
-64.0 233.0
245.0 463.0
-81.0 -499.0
233.0 155.0
60.0 292.0
486.0 -152.0
84.0 205.0
282.0 -368.0
-162.0 -147.0
-253.0 88.0
63.0 252.0
224.0 -491.0
41.0 -16.0
291.0 237.0
-89.0 470.0
121.0 -100.0
485.0 -49.0
-20.0 -397.0
-100.0 -313.0
487.0 186.0
328.0 -485.0
283.0 345.0
16.0 31.0
202.0 -318.0
-37.0 -14.0
6.0 -192.0
411.0 -29.0
420.0 -314.0
154.0 136.0
-388.0 100.0
-364.0 -377.0
497.0 411.0
-475.0 -379.0
317.0 249.0
9.0 -470.0
113.0 -25.0
93.0 -477.0
-223.0 185.0
106.0 463.0
-208.0 471.0
80.0 -224.0
180.0 280.0
-326.0 -44.0
123.0 -54.0
-96.0 -370.0
-408.0 353.0
466.0 -95.0
40.0 382.0
321.0 -57.0
285.0 -350.0
442.0 184.0
466.0 298.0
-174.0 -383.0
-59.0 95.0
-211.0 238.0
-371.0 -2.0
449.0 -121.0
403.0 64.0
183.0 376.0
-150.0 -358.0
80.0 -356.0
74.0 273.0
-76.0 279.0
-105.0 434.0
-361.0 340.0
-218.0 -327.0
-365.0 -146.0
351.0 177.0
-84.0 268.0
451.0 286.0
316.0 -426.0
363.0 163.0
-115.0 -10.0
-228.0 -11.0
-213.0 300.0
458.0 67.0
-261.0 67.0
-90.0 -318.0
-36.0 -313.0
335.0 104.0
4.0 168.0
265.0 348.0
-351.0 -110.0
266.0 -333.0
-264.0 -210.0
263.0 313.0
86.0 -33.0
-171.0 121.0
-214.0 392.0
-267.0 21.0
419.0 -473.0
284.0 -153.0
140.0 471.0
132.0 -376.0
-467.0 -403.0
95.0 -413.0
435.0 369.0
370.0 -99.0
-169.0 127.0
-333.0 37.0
-255.0 -387.0
324.0 -247.0
446.0 1.0
-467.0 151.0
325.0 -248.0
-79.0 -6.0
119.0 -218.0
280.0 -323.0
377.0 355.0
-152.0 -300.0
419.0 -60.0
291.0 313.0
-301.0 174.0
264.0 -359.0
-88.0 10.0
-295.0 -69.0
292.0 -231.0
21.0 162.0
-258.0 -427.0
-406.0 256.0
-367.0 309.0
-325.0 274.0
69.0 160.0
46.0 59.0
75.0 -257.0
-496.0 -380.0
-394.0 -105.0
291.0 -110.0
123.0 -160.0
-195.0 166.0
-326.0 -227.0
94.0 434.0
49.0 318.0
-140.0 -363.0
-16.0 -98.0
349.0 -474.0
16.0 -487.0
465.0 45.0
39.0 459.0
8.0 198.0
-331.0 199.0
491.0 -500.0
-181.0 432.0
173.0 59.0
217.0 -411.0
156.0 -308.0
141.0 326.0
-172.0 71.0
-112.0 -423.0
-376.0 -134.0
214.0 342.0
-164.0 -316.0
-414.0 181.0
-453.0 392.0
-207.0 274.0
-64.0 -307.0
304.0 -200.0
-4.0 60.0
-444.0 303.0
361.0 -385.0
190.0 368.0
77.0 15.0
153.0 319.0
276.0 -446.0
-368.0 332.0
453.0 -101.0
390.0 -223.0
-476.0 -393.0
122.0 -357.0
37.0 -414.0
-377.0 -374.0
175.0 486.0
493.0 221.0
-195.0 335.0
-334.0 456.0
-218.0 68.0
100.0 351.0
134.0 -278.0
-248.0 -475.0
314.0 229.0
302.0 83.0
143.0 -310.0
487.0 -394.0
370.0 -145.0
-186.0 -189.0
35.0 243.0
276.0 83.0
-474.0 242.0
394.0 -63.0
-110.0 -266.0
-352.0 -313.0
-110.0 462.0
-223.0 -238.0
-85.0 120.0
75.0 -500.0
-361.0 -271.0
-98.0 -6.0
178.0 -451.0
412.0 164.0
-445.0 -165.0
258.0 381.0
-485.0 163.0
443.0 238.0
85.0 -298.0
229.0 -450.0
-99.0 257.0
-47.0 25.0
263.0 -397.0
-79.0 -251.0
164.0 96.0
-344.0 306.0
277.0 108.0
291.0 -325.0
15.0 -39.0
144.0 70.0
-218.0 15.0
288.0 247.0
-436.0 309.0
-350.0 153.0
-63.0 312.0
408.0 -4.0
109.0 121.0
-343.0 5.0
-263.0 152.0
465.0 135.0
-103.0 71.0
118.0 494.0
-291.0 -54.0
83.0 467.0
-374.0 -125.0
5.0 -8.0
449.0 422.0
219.0 -48.0
-136.0 350.0
-134.0 -131.0
302.0 -175.0
252.0 241.0
262.0 -328.0
452.0 176.0
-376.0 -424.0
-112.0 -231.0
-221.0 -231.0
322.0 10.0
-241.0 -146.0
112.0 433.0
65.0 278.0
271.0 -293.0
413.0 321.0
-472.0 218.0
-142.0 332.0
-384.0 268.0
363.0 -348.0
41.0 210.0
-359.0 -266.0
446.0 -463.0
480.0 -253.0
134.0 -331.0
479.0 250.0
-23.0 -295.0
68.0 -122.0
278.0 45.0
146.0 3.0
-328.0 8.0
284.0 -262.0
-370.0 335.0
-424.0 45.0
-238.0 -48.0
-239.0 124.0
-423.0 -261.0
438.0 386.0
-378.0 -55.0
-29.0 440.0
464.0 216.0
-156.0 -24.0
-212.0 -252.0
420.0 461.0
-52.0 -229.0
131.0 16.0
293.0 439.0
-180.0 -194.0
-87.0 -244.0
-40.0 -310.0
-239.0 -105.0
100.0 491.0
-189.0 125.0
336.0 -64.0
-28.0 137.0
-110.0 151.0
-178.0 -85.0
32.0 -213.0
-128.0 -45.0
20.0 322.0
-64.0 257.0
-412.0 48.0
342.0 98.0
121.0 -199.0
-115.0 430.0
-348.0 -470.0
-124.0 222.0
-325.0 -69.0
-65.0 475.0
-154.0 -20.0
239.0 55.0
216.0 -116.0
255.0 215.0
-459.0 -408.0
155.0 380.0
105.0 -403.0
198.0 -362.0
-416.0 321.0
271.0 -263.0
206.0 -42.0
-24.0 -262.0
214.0 -476.0
181.0 137.0
375.0 -337.0
-285.0 -72.0
5.0 -104.0
67.0 219.0
-24.0 384.0
-53.0 -259.0
-81.0 6.0
-356.0 -336.0
350.0 499.0
-362.0 -66.0
-371.0 496.0
170.0 182.0
128.0 -303.0
-317.0 -315.0
264.0 156.0
-495.0 -52.0
-259.0 -479.0
-102.0 -226.0
328.0 309.0
-144.0 272.0
-132.0 -238.0
209.0 -306.0
83.0 -141.0
284.0 -341.0
-107.0 -425.0
123.0 -317.0
93.0 3.0
-33.0 -353.0
-276.0 -422.0
373.0 -69.0
-388.0 269.0
-43.0 -64.0
182.0 -353.0
-245.0 -136.0
-25.0 97.0
-143.0 129.0
192.0 500.0
-496.0 -472.0
-149.0 -465.0
195.0 7.0
214.0 -373.0
-102.0 -454.0
419.0 229.0
-265.0 -204.0
-341.0 366.0
-77.0 128.0
-87.0 84.0
297.0 -206.0
427.0 -41.0
-334.0 370.0
108.0 -214.0
-347.0 -259.0
-111.0 -6.0
-64.0 -223.0
-288.0 266.0
179.0 317.0
-470.0 -374.0
209.0 -351.0
267.0 -184.0
147.0 -381.0
96.0 216.0
-439.0 -403.0
-400.0 410.0
281.0 -68.0
-313.0 -208.0
-80.0 494.0
157.0 105.0
-67.0 42.0
157.0 440.0
-416.0 -172.0
-463.0 64.0
179.0 -334.0
-326.0 -86.0
-321.0 -157.0
73.0 -225.0
286.0 -390.0
-228.0 -173.0
-386.0 -34.0
38.0 4.0
253.0 -140.0
358.0 167.0
-266.0 -386.0
-398.0 460.0
-171.0 -6.0
378.0 -433.0
441.0 -366.0
435.0 325.0
-171.0 458.0
329.0 -95.0
-24.0 391.0
-417.0 -91.0
494.0 66.0
-357.0 -396.0
194.0 382.0
90.0 -380.0
-408.0 -130.0
208.0 -157.0
-90.0 -171.0
-196.0 30.0
278.0 -194.0
-34.0 -425.0
-469.0 203.0
153.0 -13.0
-103.0 105.0
-411.0 -33.0
-178.0 -212.0
-407.0 329.0
385.0 -106.0
438.0 472.0
-199.0 -220.0
-34.0 214.0
-344.0 253.0
293.0 -308.0
-103.0 342.0
143.0 495.0
3.0 -179.0
-115.0 -465.0
-180.0 107.0
60.0 -14.0
-95.0 -468.0
-363.0 214.0
-425.0 5.0
-453.0 333.0
78.0 -20.0
456.0 77.0
296.0 288.0
-366.0 35.0
81.0 128.0
63.0 -127.0
-262.0 -415.0
-310.0 421.0
252.0 69.0
100.0 -208.0
-405.0 -347.0
-14.0 -151.0
223.0 345.0
43.0 24.0
-248.0 -306.0
456.0 -370.0
329.0 290.0
-448.0 324.0
43.0 -15.0
321.0 -268.0
-458.0 42.0
318.0 269.0
-6.0 499.0
-22.0 351.0
25.0 242.0
14.0 222.0
-230.0 107.0
85.0 367.0
-151.0 18.0
384.0 201.0
-434.0 -429.0
77.0 -41.0
-218.0 26.0
-62.0 79.0
489.0 -499.0
-477.0 -498.0
361.0 -440.0
274.0 248.0
401.0 -436.0
334.0 -3.0
-367.0 -41.0
-59.0 -145.0
-185.0 -159.0
-23.0 -139.0
98.0 -432.0
359.0 127.0
467.0 -429.0
352.0 -351.0
-435.0 -364.0
267.0 -482.0
-106.0 299.0
-444.0 -55.0
71.0 -38.0
-358.0 -1.0
-428.0 393.0
285.0 -160.0
170.0 -293.0
161.0 143.0
412.0 -4.0
-269.0 -354.0
94.0 364.0
-361.0 -102.0
394.0 -318.0
390.0 212.0
32.0 -477.0
231.0 -174.0
-141.0 -4.0
395.0 38.0
-313.0 -215.0
322.0 466.0
-438.0 -149.0
90.0 -146.0
-191.0 33.0
-398.0 -489.0
399.0 -359.0
256.0 -394.0
-48.0 497.0
-205.0 -447.0
301.0 -117.0
-472.0 -154.0
-103.0 -374.0
111.0 402.0
-186.0 -88.0
234.0 -291.0
-160.0 -256.0
-220.0 -91.0
460.0 -279.0
250.0 -139.0
321.0 -438.0
-323.0 -404.0
-63.0 -396.0
-496.0 274.0
-53.0 -166.0
-497.0 380.0
-387.0 -137.0
214.0 219.0
-160.0 -86.0
151.0 -49.0
390.0 489.0
179.0 358.0
-94.0 -338.0
21.0 373.0
-197.0 -297.0
457.0 317.0
-198.0 -365.0
-135.0 372.0
39.0 -307.0
-298.0 77.0
388.0 318.0
123.0 -91.0
-182.0 452.0
84.0 463.0
471.0 52.0
-269.0 -33.0
-161.0 253.0
-329.0 99.0
-50.0 -204.0
-462.0 -386.0
-114.0 -495.0
-21.0 456.0
232.0 192.0
-442.0 -324.0
138.0 376.0
8.0 -471.0
445.0 46.0
113.0 -141.0
387.0 -71.0
-209.0 230.0
-73.0 -4.0
-33.0 334.0
-187.0 490.0
86.0 -185.0
31.0 -424.0
-27.0 -269.0
242.0 383.0
-302.0 -359.0
-352.0 24.0
-306.0 231.0
-234.0 -286.0
-93.0 -345.0
-56.0 -457.0
453.0 291.0
-376.0 360.0
168.0 -491.0
-395.0 456.0
234.0 -277.0
-335.0 -474.0
-25.0 489.0
19.0 162.0
15.0 -383.0
249.0 -474.0
23.0 159.0
125.0 29.0
-245.0 288.0
182.0 181.0
-235.0 -362.0
-438.0 -74.0
150.0 57.0
369.0 333.0
405.0 380.0
447.0 284.0
-28.0 -80.0
-395.0 -38.0
227.0 205.0
164.0 -353.0
59.0 -332.0
-84.0 -424.0
230.0 247.0
-356.0 -314.0
217.0 -254.0
-402.0 -425.0
415.0 474.0
-240.0 -171.0
-486.0 -48.0
309.0 -153.0
-142.0 -344.0
-243.0 61.0
314.0 249.0
166.0 -432.0
-70.0 176.0
-97.0 79.0
330.0 306.0
-172.0 136.0
-455.0 -237.0
79.0 245.0
-394.0 -336.0
2.0 138.0
419.0 -235.0
25.0 338.0
-52.0 239.0
24.0 89.0
-438.0 97.0
-205.0 -338.0
206.0 80.0
-141.0 -103.0
-62.0 282.0
161.0 -165.0
-165.0 393.0
67.0 -306.0
80.0 296.0
-337.0 85.0
1750
253.0 24.0
315.0 -215.0
110.0 71.0
369.0 -69.0
265.0 359.0
-89.0 258.0
-294.0 -492.0
-371.0 167.0
-358.0 -234.0
495.0 -405.0
-374.0 424.0
-426.0 -340.0
-255.0 269.0
302.0 -442.0
-21.0 145.0
200.0 -194.0
-178.0 -250.0
348.0 -6.0
-93.0 306.0
78.0 340.0
-405.0 253.0
-316.0 -309.0
-71.0 451.0
77.0 -211.0
-264.0 215.0
446.0 154.0
-307.0 -108.0
449.0 379.0
-480.0 -137.0
64.0 349.0
97.0 83.0
201.0 26.0
392.0 274.0
182.0 251.0
-471.0 -218.0
-258.0 -314.0
156.0 -59.0
225.0 -338.0
11.0 -320.0
96.0 177.0
-339.0 -321.0
-64.0 52.0
-314.0 -150.0
-107.0 225.0
93.0 -9.0
9.0 297.0
499.0 180.0
-199.0 -312.0
158.0 435.0
-465.0 406.0
253.0 341.0
-235.0 120.0
-192.0 427.0
21.0 -320.0
219.0 65.0
170.0 -437.0
-476.0 -461.0
-379.0 -445.0
-362.0 -244.0
458.0 -83.0
-289.0 203.0
-232.0 494.0
172.0 57.0
-199.0 266.0
291.0 -376.0
-267.0 197.0
89.0 67.0
285.0 277.0
175.0 -170.0
-44.0 -427.0
131.0 -241.0
112.0 -159.0
-474.0 373.0
439.0 -321.0
-397.0 29.0
-78.0 489.0
-457.0 -323.0
-23.0 -243.0
-143.0 -107.0
-466.0 -28.0
-228.0 364.0
275.0 487.0
337.0 -198.0
340.0 408.0
-75.0 258.0
285.0 265.0
-36.0 -50.0
244.0 354.0
-359.0 376.0
-34.0 411.0
464.0 -329.0
258.0 200.0
135.0 67.0
-168.0 -116.0
-23.0 81.0
66.0 -263.0
-288.0 -483.0
-267.0 277.0
-200.0 -230.0
360.0 234.0
-74.0 493.0
-241.0 -188.0
247.0 -71.0
-146.0 -75.0
269.0 -205.0
-154.0 -356.0
-481.0 180.0
236.0 -44.0
258.0 -369.0
-291.0 -365.0
-213.0 -233.0
-144.0 453.0
122.0 82.0
454.0 296.0
-321.0 -21.0
-472.0 397.0
315.0 21.0
64.0 360.0
59.0 -106.0
-194.0 476.0
-351.0 160.0
-47.0 481.0
-238.0 -64.0
457.0 -165.0
177.0 436.0
400.0 433.0
-159.0 73.0
93.0 -251.0
333.0 -415.0
-15.0 -305.0
492.0 -4.0
-138.0 381.0
179.0 -296.0
106.0 204.0
-49.0 102.0
78.0 -212.0
-403.0 -58.0
-453.0 -119.0
245.0 -440.0
189.0 -289.0
342.0 281.0
326.0 -209.0
287.0 -460.0
-218.0 -283.0
112.0 469.0
-141.0 -35.0
-64.0 -45.0
338.0 -5.0
-374.0 127.0
-115.0 -477.0
173.0 -464.0
184.0 148.0
426.0 112.0
-247.0 262.0
357.0 -319.0
387.0 160.0
375.0 -155.0
-377.0 344.0
-365.0 -387.0
317.0 -272.0
-390.0 488.0
121.0 177.0
-498.0 385.0
200.0 292.0
-268.0 -339.0
-334.0 -273.0
-419.0 45.0
-24.0 -131.0
-360.0 149.0
-25.0 129.0
-172.0 6.0
-213.0 -295.0
-436.0 331.0
-161.0 102.0
-391.0 -139.0
-44.0 122.0
476.0 -456.0
458.0 419.0
265.0 40.0
-290.0 -150.0
349.0 -62.0
-359.0 -143.0
367.0 195.0
-77.0 134.0
-182.0 -6.0
284.0 449.0
-264.0 263.0
325.0 24.0
-303.0 218.0
1.0 252.0
-78.0 373.0
467.0 241.0
323.0 -465.0
498.0 -269.0
260.0 -267.0
-494.0 -355.0
100.0 -42.0
45.0 -53.0
191.0 -488.0
-453.0 410.0
-486.0 153.0
-151.0 219.0
489.0 -180.0
132.0 238.0
269.0 292.0
331.0 50.0
469.0 229.0
-426.0 55.0
143.0 200.0
-363.0 -488.0
-475.0 -492.0
-160.0 -389.0
-388.0 83.0
191.0 -152.0
-195.0 -66.0
-470.0 -251.0
-304.0 -322.0
344.0 42.0
330.0 -126.0
-394.0 458.0
262.0 -314.0
220.0 -219.0
-205.0 -165.0
-17.0 -212.0
-80.0 -436.0
-459.0 -53.0
-299.0 373.0
163.0 -99.0
-431.0 323.0
-194.0 198.0
75.0 -207.0
-28.0 -119.0
2.0 72.0
22.0 352.0
-54.0 -146.0
-78.0 224.0
-480.0 -413.0
-466.0 104.0
113.0 324.0
-398.0 115.0
17.0 -321.0
-106.0 -355.0
184.0 -226.0
375.0 -473.0
-196.0 357.0
421.0 -379.0
-174.0 131.0
-52.0 -420.0
27.0 -446.0
-351.0 -86.0
-223.0 237.0
405.0 -343.0
-244.0 173.0
-460.0 -462.0
401.0 279.0
-355.0 -479.0
-346.0 72.0
10.0 267.0
268.0 -397.0
-17.0 284.0
350.0 464.0
334.0 486.0
-105.0 -77.0
-413.0 -404.0
-108.0 341.0
275.0 22.0
-73.0 124.0
17.0 -445.0
389.0 -104.0
424.0 18.0
497.0 -301.0
-5.0 -392.0
-206.0 -156.0
483.0 363.0
-199.0 273.0
328.0 1.0
-387.0 58.0
-131.0 -332.0
378.0 211.0
-92.0 251.0
492.0 446.0
408.0 404.0
248.0 102.0
426.0 396.0
114.0 7.0
1.0 310.0
35.0 294.0
-352.0 -385.0
-299.0 -480.0
381.0 -305.0
-406.0 -124.0
-56.0 268.0
-32.0 -133.0
441.0 332.0
488.0 379.0
448.0 -177.0
-131.0 315.0
-473.0 -154.0
66.0 -63.0
193.0 -319.0
65.0 193.0
152.0 1.0
-421.0 192.0
212.0 221.0
466.0 153.0
-9.0 -76.0
-73.0 148.0
135.0 -398.0
-205.0 -367.0
265.0 -425.0
172.0 -39.0
-317.0 -147.0
338.0 69.0
-95.0 394.0
168.0 -74.0
292.0 -128.0
463.0 220.0
-52.0 -407.0
151.0 -385.0
-318.0 -109.0
-14.0 -79.0
60.0 274.0
355.0 472.0
-462.0 213.0
48.0 155.0
-118.0 406.0
302.0 494.0
-466.0 290.0
71.0 133.0
303.0 -177.0
-219.0 83.0
-436.0 -438.0
172.0 -441.0
-270.0 399.0
94.0 -319.0
128.0 379.0
-231.0 -47.0
484.0 -337.0
-420.0 69.0
-244.0 496.0
320.0 92.0
172.0 71.0
26.0 -456.0
214.0 -134.0
348.0 428.0
-481.0 440.0
-375.0 234.0
-385.0 463.0
-132.0 421.0
242.0 375.0
-466.0 -337.0
293.0 356.0
26.0 314.0
-237.0 -406.0
-451.0 -401.0
223.0 -397.0
367.0 457.0
361.0 174.0
194.0 325.0
-25.0 399.0
433.0 -351.0
238.0 -324.0
366.0 323.0
-49.0 -294.0
-419.0 -149.0
-240.0 440.0
-66.0 -405.0
17.0 -313.0
164.0 124.0
273.0 -128.0
149.0 -285.0
-282.0 -165.0
-225.0 335.0
-366.0 400.0
492.0 -124.0
246.0 212.0
-151.0 305.0
474.0 -475.0
226.0 -334.0
69.0 -470.0
-253.0 448.0
471.0 -59.0
327.0 154.0
-79.0 43.0
326.0 257.0
-340.0 -234.0
399.0 279.0
-51.0 -137.0
248.0 281.0
-57.0 -300.0
-429.0 469.0
69.0 457.0
230.0 36.0
227.0 -162.0
69.0 449.0
155.0 -282.0
-158.0 -401.0
493.0 190.0
-408.0 396.0
-196.0 -299.0
46.0 266.0
59.0 473.0
-333.0 89.0
234.0 -319.0
254.0 323.0
375.0 403.0
-72.0 -251.0
376.0 -218.0
-19.0 -192.0
319.0 -62.0
57.0 -412.0
307.0 425.0
439.0 266.0
219.0 138.0
153.0 -451.0
374.0 63.0
358.0 -75.0
116.0 337.0
-351.0 -435.0
-472.0 -99.0
-155.0 401.0
92.0 46.0
484.0 -447.0
429.0 -342.0
-265.0 -376.0
118.0 -398.0
4.0 49.0
211.0 -427.0
11.0 -77.0
-65.0 332.0
-26.0 351.0
-39.0 -487.0
-9.0 -187.0
92.0 99.0
-166.0 -155.0
-58.0 214.0
423.0 165.0
-474.0 -331.0
-156.0 -49.0
481.0 -369.0
-423.0 13.0
65.0 -171.0
-84.0 -479.0
467.0 7.0
-245.0 -465.0
487.0 -369.0
329.0 -229.0
-381.0 126.0
338.0 340.0
451.0 -435.0
85.0 308.0
-232.0 339.0
239.0 -341.0
230.0 -334.0
385.0 309.0
69.0 55.0
28.0 121.0
-26.0 228.0
-9.0 -349.0
-173.0 -475.0
315.0 -64.0
-43.0 196.0
-219.0 488.0
10.0 350.0
-145.0 -471.0
209.0 -414.0
-29.0 -123.0
197.0 74.0
-281.0 -368.0
411.0 160.0
-411.0 470.0
72.0 493.0
-468.0 -107.0
72.0 -478.0
-459.0 133.0
83.0 412.0
-357.0 237.0
-201.0 -18.0
-218.0 106.0
283.0 8.0
496.0 -13.0
86.0 314.0
153.0 -429.0
222.0 144.0
-490.0 -125.0
311.0 303.0
-462.0 473.0
139.0 128.0
-192.0 245.0
-386.0 287.0
343.0 -192.0
32.0 -130.0
-221.0 40.0
405.0 -256.0
-451.0 122.0
-52.0 -58.0
-2.0 -4.0
-299.0 -269.0
200.0 -33.0
-474.0 -414.0
475.0 -232.0
-32.0 81.0
193.0 151.0
-64.0 -282.0
269.0 270.0
443.0 158.0
211.0 246.0
201.0 199.0
-133.0 11.0
88.0 212.0
-357.0 -93.0
-10.0 163.0
-80.0 19.0
-56.0 246.0
-321.0 -197.0
-485.0 -327.0
-499.0 -396.0
-20.0 182.0
-422.0 -57.0
483.0 -109.0
463.0 344.0
401.0 378.0
497.0 241.0
-49.0 264.0
492.0 -295.0
65.0 215.0
104.0 179.0
-111.0 -343.0
-84.0 330.0
358.0 -264.0
149.0 -170.0
-21.0 412.0
-102.0 -419.0
117.0 -266.0
-445.0 191.0
-353.0 -375.0
-271.0 -161.0
35.0 -146.0
-107.0 -495.0
115.0 -35.0
-240.0 -231.0
459.0 -261.0
-341.0 1.0
194.0 -299.0
-345.0 -284.0
465.0 -146.0
159.0 343.0
-13.0 -193.0
200.0 186.0
-148.0 -224.0
-352.0 383.0
326.0 -181.0
-7.0 165.0
-327.0 447.0
-170.0 -101.0
-425.0 394.0
-53.0 215.0
358.0 3.0
-231.0 390.0
-405.0 14.0
444.0 253.0
-430.0 -32.0
308.0 -313.0
-342.0 407.0
17.0 -432.0
-3.0 70.0
301.0 3.0
-145.0 -311.0
194.0 237.0
-372.0 -227.0
-459.0 148.0
-339.0 230.0
398.0 -486.0
271.0 -76.0
-411.0 -343.0
-254.0 -216.0
-489.0 58.0
79.0 344.0
489.0 297.0
-359.0 -186.0
243.0 382.0
-223.0 399.0
-128.0 -237.0
307.0 89.0
408.0 485.0
29.0 -260.0
-153.0 298.0
301.0 -208.0
465.0 453.0
392.0 -352.0
-353.0 73.0
-63.0 89.0
-119.0 453.0
-162.0 86.0
100.0 467.0
-369.0 -299.0
488.0 -44.0
480.0 119.0
453.0 -408.0
414.0 -337.0
-436.0 -401.0
123.0 162.0
334.0 75.0
438.0 -483.0
-1.0 -277.0
-44.0 30.0
-267.0 -396.0
204.0 434.0
97.0 -41.0
-130.0 -344.0
477.0 -320.0
384.0 -425.0
-135.0 332.0
-79.0 357.0
292.0 -35.0
317.0 -304.0
-300.0 197.0
343.0 121.0
-428.0 383.0
-460.0 -425.0
425.0 362.0
13.0 59.0
-204.0 4.0
-436.0 -384.0
-296.0 452.0
-151.0 -56.0
331.0 -25.0
-74.0 429.0
419.0 -306.0
151.0 -199.0
13.0 274.0
-7.0 -50.0
-93.0 -2.0
-261.0 14.0
304.0 291.0
-381.0 253.0
438.0 374.0
312.0 210.0
-132.0 -155.0
318.0 -316.0
347.0 324.0
500.0 182.0
-402.0 -184.0
176.0 228.0
290.0 -432.0
394.0 -480.0
394.0 2.0
222.0 -45.0
186.0 -293.0
-283.0 47.0
-358.0 -231.0
106.0 13.0
352.0 -279.0
-259.0 193.0
93.0 411.0
-258.0 326.0
-264.0 -374.0
246.0 64.0
-341.0 -210.0
266.0 455.0
376.0 -60.0
-200.0 -152.0
460.0 102.0
61.0 152.0
-109.0 305.0
-380.0 14.0
-99.0 -321.0
387.0 -261.0
-209.0 302.0
-218.0 -7.0
370.0 -464.0
-217.0 302.0
477.0 63.0
-109.0 274.0
483.0 66.0
355.0 -111.0
-382.0 244.0
-64.0 452.0
-284.0 -101.0
-389.0 131.0
143.0 -216.0
-339.0 -337.0
311.0 309.0
482.0 -71.0
431.0 474.0
348.0 -430.0
-51.0 -84.0
39.0 109.0
-332.0 -256.0
286.0 209.0
247.0 -61.0
153.0 -288.0
90.0 100.0
-358.0 -210.0
-54.0 476.0
-228.0 229.0
258.0 10.0
436.0 -305.0
243.0 295.0
-312.0 394.0
-35.0 181.0
107.0 57.0
-406.0 274.0
-10.0 -404.0
-147.0 387.0
-165.0 -116.0
411.0 494.0
498.0 252.0
-224.0 105.0
-247.0 401.0
41.0 23.0
-426.0 375.0
415.0 145.0
241.0 -5.0
-318.0 102.0
-276.0 -45.0
-400.0 -105.0
-185.0 -165.0
-87.0 455.0
-260.0 -131.0
-76.0 -220.0
153.0 221.0
344.0 475.0
241.0 240.0
304.0 468.0
349.0 -280.0
-338.0 410.0
-381.0 -165.0
325.0 -148.0
51.0 -229.0
-125.0 -480.0
235.0 -297.0
407.0 -466.0
380.0 465.0
-269.0 -475.0
-196.0 460.0
43.0 -371.0
260.0 247.0
-319.0 -330.0
224.0 -400.0
2.0 -141.0
-476.0 -202.0
-250.0 199.0
-30.0 -264.0
397.0 21.0
427.0 368.0
266.0 1.0
374.0 -295.0
-50.0 34.0
-14.0 322.0
-250.0 -329.0
140.0 416.0
475.0 10.0
364.0 249.0
-107.0 -106.0
-17.0 201.0
-322.0 -270.0
-130.0 -487.0
-125.0 228.0
-500.0 -394.0
-120.0 -367.0
-195.0 256.0
-448.0 -375.0
-289.0 55.0
101.0 481.0
-342.0 -461.0
106.0 -373.0
299.0 53.0
-168.0 13.0
367.0 -216.0
-240.0 -317.0
275.0 -164.0
-492.0 -325.0
-88.0 -298.0
368.0 397.0
-40.0 -311.0
336.0 -365.0
72.0 -281.0
-202.0 258.0
495.0 -96.0
-273.0 307.0
449.0 -361.0
-364.0 -383.0
327.0 250.0
477.0 -405.0
-25.0 415.0
234.0 62.0
-44.0 -288.0
-328.0 -231.0
335.0 342.0
-136.0 437.0
-374.0 -249.0
42.0 -184.0
-297.0 -199.0
-341.0 -120.0
-499.0 413.0
-191.0 -15.0
-323.0 145.0
-250.0 95.0
-218.0 396.0
-266.0 216.0
475.0 442.0
-435.0 206.0
394.0 38.0
-405.0 470.0
-113.0 366.0
-73.0 -255.0
-370.0 -384.0
-236.0 -17.0
308.0 -384.0
458.0 13.0
-391.0 103.0
258.0 -289.0
67.0 -297.0
-196.0 418.0
123.0 -67.0
43.0 -78.0
-474.0 -284.0
-155.0 295.0
-143.0 -459.0
-123.0 -469.0
-225.0 406.0
-164.0 216.0
380.0 187.0
344.0 440.0
35.0 -201.0
-5.0 58.0
21.0 -255.0
-145.0 -399.0
-397.0 -44.0
-319.0 69.0
314.0 -221.0
182.0 310.0
-60.0 279.0
-40.0 17.0
427.0 -201.0
-467.0 -108.0
-296.0 343.0
-109.0 -114.0
412.0 490.0
-105.0 -419.0
-272.0 1.0
-194.0 342.0
376.0 -265.0
452.0 488.0
358.0 370.0
101.0 -475.0
122.0 215.0
-329.0 -457.0
-254.0 -246.0
377.0 425.0
461.0 185.0
119.0 258.0
265.0 -261.0
-150.0 -28.0
-173.0 315.0
242.0 302.0
-430.0 456.0
120.0 -444.0
22.0 58.0
-314.0 465.0
-321.0 -295.0
450.0 -373.0
461.0 405.0
283.0 -75.0
236.0 -82.0
-7.0 -241.0
-106.0 380.0
-423.0 491.0
-325.0 382.0
447.0 -328.0
-446.0 -294.0
-126.0 -56.0
316.0 136.0
-325.0 405.0
-229.0 -267.0
-101.0 -253.0
-259.0 34.0
277.0 -419.0
-446.0 -191.0
-315.0 -351.0
253.0 468.0
-335.0 -223.0
384.0 -240.0
23.0 -106.0
-368.0 -362.0
-236.0 35.0
465.0 177.0
-61.0 -46.0
-326.0 -415.0
-71.0 -401.0
-488.0 -497.0
-19.0 -485.0
220.0 35.0
178.0 212.0
339.0 -397.0
-319.0 -435.0
341.0 -103.0
302.0 357.0
-484.0 -7.0
-412.0 169.0
-367.0 -381.0
-366.0 230.0
11.0 -46.0
-490.0 47.0
-13.0 -373.0
173.0 268.0
-311.0 450.0
-421.0 -151.0
58.0 -93.0
-374.0 -74.0
37.0 -142.0
-132.0 362.0
470.0 -476.0
489.0 -90.0
444.0 -211.0
48.0 -294.0
225.0 -149.0
-176.0 438.0
-81.0 -271.0
227.0 88.0
303.0 178.0
-356.0 448.0
476.0 74.0
336.0 -248.0
-269.0 -249.0
-245.0 -412.0
20.0 -228.0
487.0 262.0
-493.0 411.0
-142.0 -285.0
-452.0 402.0
-392.0 246.0
260.0 -406.0
-258.0 217.0
403.0 -306.0
118.0 269.0
90.0 -226.0
-381.0 45.0
-209.0 -427.0
340.0 462.0
-53.0 -421.0
89.0 351.0
258.0 134.0
-44.0 -453.0
24.0 -254.0
-467.0 -215.0
216.0 320.0
448.0 212.0
-394.0 89.0
-243.0 -123.0
-272.0 271.0
338.0 -450.0
-26.0 -369.0
444.0 135.0
404.0 372.0
-354.0 250.0
-191.0 181.0
-72.0 259.0
-494.0 498.0
329.0 -3.0
307.0 72.0
186.0 491.0
-117.0 166.0
148.0 -318.0
-53.0 -373.0
-239.0 -371.0
-248.0 -259.0
135.0 314.0
-74.0 487.0
-4.0 -317.0
-161.0 -343.0
284.0 -478.0
90.0 -437.0
-198.0 -179.0
285.0 77.0
-362.0 41.0
178.0 -439.0
-187.0 -441.0
12.0 320.0
-406.0 76.0
-66.0 271.0
266.0 210.0
256.0 412.0
229.0 -386.0
-461.0 -347.0
409.0 30.0
265.0 -473.0
-221.0 458.0
231.0 273.0
-396.0 -60.0
244.0 200.0
41.0 48.0
-290.0 -276.0
427.0 -365.0
429.0 174.0
479.0 281.0
424.0 -273.0
453.0 39.0
38.0 -27.0
205.0 -245.0
473.0 -45.0
96.0 -165.0
-253.0 -373.0
-285.0 -233.0
45.0 -491.0
-471.0 208.0
-49.0 462.0
-436.0 419.0
438.0 -36.0
456.0 402.0
-19.0 -271.0
369.0 192.0
85.0 -331.0
-179.0 -217.0
133.0 1.0
-393.0 -416.0
410.0 -433.0
-125.0 -111.0
-109.0 -223.0
465.0 -266.0
497.0 3.0
393.0 39.0
-341.0 -322.0
103.0 253.0
240.0 108.0
352.0 -217.0
185.0 -253.0
428.0 -72.0
321.0 -78.0
164.0 -288.0
106.0 32.0
316.0 -475.0
-43.0 -480.0
-85.0 -382.0
-362.0 -492.0
69.0 -389.0
55.0 -464.0
242.0 -360.0
-6.0 -267.0
-167.0 -78.0
184.0 402.0
57.0 -279.0
-8.0 -60.0
-212.0 403.0
304.0 -416.0
-196.0 -96.0
344.0 462.0
-467.0 25.0
313.0 211.0
-37.0 -499.0
-279.0 -129.0
-8.0 -302.0
-354.0 -363.0
-194.0 -408.0
485.0 -125.0
-261.0 123.0
-387.0 431.0
-318.0 382.0
-416.0 121.0
496.0 -65.0
146.0 122.0
68.0 -394.0
357.0 -479.0
90.0 447.0
-364.0 457.0
-460.0 434.0
166.0 407.0
-329.0 -419.0
478.0 323.0
45.0 422.0
12.0 268.0
419.0 -458.0
436.0 78.0
-465.0 367.0
-143.0 -8.0
236.0 -380.0
-329.0 444.0
202.0 -392.0
-130.0 241.0
60.0 -306.0
-97.0 -113.0
75.0 -69.0
372.0 88.0
-432.0 -81.0
406.0 -83.0
307.0 263.0
-60.0 -117.0
297.0 -228.0
413.0 10.0
261.0 308.0
324.0 -470.0
381.0 -154.0
-343.0 -347.0
-33.0 298.0
57.0 430.0
476.0 4.0
-282.0 256.0
398.0 -46.0
-88.0 -159.0
-99.0 242.0
47.0 -202.0
366.0 -190.0
293.0 366.0
-349.0 119.0
416.0 -97.0
-82.0 -308.0
309.0 257.0
-173.0 379.0
-140.0 211.0
384.0 111.0
123.0 -460.0
2.0 -326.0
-397.0 -459.0
-484.0 308.0
326.0 -15.0
-483.0 -3.0
-175.0 -367.0
-189.0 -167.0
-257.0 -486.0
336.0 484.0
-213.0 -444.0
427.0 387.0
-131.0 -316.0
329.0 168.0
106.0 314.0
205.0 24.0
-429.0 -278.0
454.0 -243.0
-22.0 414.0
350.0 -312.0
437.0 -453.0
179.0 -357.0
423.0 -88.0
-66.0 -323.0
184.0 456.0
-102.0 -365.0
64.0 3.0
-231.0 -488.0
483.0 37.0
56.0 295.0
52.0 -224.0
5.0 27.0
267.0 -78.0
-55.0 72.0
-326.0 303.0
84.0 169.0
-304.0 237.0
181.0 -228.0
426.0 -351.0
364.0 119.0
379.0 -349.0
115.0 -298.0
-297.0 -24.0
-468.0 -127.0
-35.0 226.0
-365.0 -457.0
-356.0 -280.0
239.0 -305.0
189.0 497.0
-247.0 261.0
91.0 -236.0
-120.0 -269.0
-188.0 -396.0
359.0 139.0
-106.0 387.0
-187.0 370.0
-412.0 488.0
80.0 -142.0
-406.0 130.0
77.0 -197.0
-452.0 129.0
-148.0 7.0
-212.0 477.0
372.0 437.0
-214.0 -81.0
-135.0 -50.0
340.0 62.0
-79.0 -61.0
27.0 -438.0
399.0 -240.0
-138.0 451.0
-318.0 249.0
-79.0 -350.0
-61.0 -402.0
406.0 26.0
201.0 45.0
395.0 471.0
476.0 115.0
114.0 -266.0
-388.0 359.0
-322.0 157.0
-156.0 -328.0
-299.0 -50.0
267.0 -401.0
482.0 327.0
407.0 51.0
190.0 -490.0
65.0 -60.0
-481.0 454.0
-286.0 -384.0
-285.0 -231.0
-381.0 23.0
298.0 467.0
-397.0 208.0
-275.0 247.0
-332.0 -182.0
286.0 193.0
-221.0 110.0
39.0 23.0
-214.0 188.0
-307.0 -240.0
-98.0 190.0
-25.0 -91.0
-345.0 276.0
170.0 -406.0
-476.0 -260.0
138.0 391.0
-42.0 167.0
-43.0 165.0
285.0 -40.0
357.0 -20.0
-257.0 -489.0
-7.0 384.0
-378.0 454.0
270.0 336.0
110.0 488.0
-295.0 -402.0
272.0 383.0
407.0 -488.0
-460.0 -319.0
451.0 -144.0
-484.0 -414.0
-27.0 389.0
-252.0 -355.0
-180.0 -392.0
-326.0 -177.0
459.0 429.0
168.0 -119.0
-443.0 155.0
-453.0 490.0
224.0 337.0
488.0 -339.0
-356.0 420.0
-181.0 -135.0
-240.0 -133.0
154.0 476.0
187.0 139.0
443.0 -5.0
168.0 27.0
-407.0 288.0
-108.0 -394.0
88.0 191.0
142.0 169.0
254.0 16.0
-440.0 292.0
-120.0 -391.0
135.0 -5.0
64.0 -14.0
146.0 -75.0
-148.0 -14.0
90.0 -404.0
13.0 414.0
-276.0 198.0
-321.0 350.0
356.0 176.0
-353.0 -347.0
113.0 484.0
290.0 467.0
172.0 427.0
190.0 -289.0
-114.0 2.0
-401.0 60.0
140.0 217.0
-165.0 147.0
77.0 -449.0
-463.0 342.0
-307.0 -438.0
-339.0 364.0
215.0 -63.0
425.0 403.0
-468.0 145.0
-19.0 -377.0
368.0 -193.0
-177.0 -397.0
-264.0 -94.0
-193.0 -393.0
-63.0 308.0
201.0 -170.0
174.0 84.0
-377.0 -481.0
-182.0 -283.0
-50.0 130.0
-328.0 -415.0
163.0 -304.0
305.0 -166.0
51.0 319.0
183.0 362.0
-405.0 -423.0
-63.0 32.0
283.0 311.0
347.0 -391.0
-76.0 319.0
135.0 142.0
181.0 -434.0
191.0 353.0
475.0 432.0
-291.0 233.0
-202.0 -147.0
-408.0 186.0
69.0 120.0
-175.0 113.0
463.0 306.0
44.0 198.0
-349.0 264.0
211.0 -164.0
-228.0 -102.0
-263.0 -29.0
-161.0 -178.0
169.0 -419.0
-246.0 -259.0
316.0 493.0
-301.0 -468.0
90.0 292.0
388.0 -308.0
-10.0 -298.0
-206.0 -262.0
-457.0 -196.0
424.0 -389.0
311.0 -110.0
-213.0 198.0
192.0 465.0
12.0 -165.0
-94.0 428.0
388.0 294.0
-12.0 -498.0
-10.0 -497.0
36.0 -253.0
21.0 130.0
-226.0 -176.0
-86.0 25.0
-283.0 289.0
318.0 -218.0
-68.0 -178.0
500.0 -194.0
-88.0 -51.0
423.0 403.0
-76.0 -412.0
10.0 92.0
-43.0 -93.0
232.0 498.0
91.0 263.0
453.0 424.0
407.0 137.0
-9.0 -121.0
20.0 338.0
-52.0 344.0
330.0 201.0
267.0 33.0
4.0 -93.0
84.0 163.0
389.0 -406.0
-283.0 -293.0
94.0 70.0
-83.0 359.0
390.0 395.0
-348.0 -167.0
-230.0 313.0
-255.0 -58.0
221.0 295.0
-437.0 -397.0
215.0 110.0
350.0 -392.0
185.0 66.0
-472.0 -172.0
274.0 67.0
67.0 293.0
-338.0 -475.0
-208.0 -207.0
183.0 196.0
427.0 86.0
-70.0 -159.0
198.0 -431.0
-393.0 41.0
-321.0 255.0
-427.0 -383.0
-304.0 -9.0
420.0 362.0
-409.0 -431.0
-430.0 127.0
-61.0 433.0
355.0 -290.0
351.0 -439.0
219.0 210.0
246.0 83.0
377.0 392.0
-319.0 -260.0
480.0 303.0
272.0 60.0
343.0 433.0
86.0 -409.0
-65.0 194.0
-142.0 -392.0
-122.0 -106.0
444.0 229.0
-247.0 492.0
459.0 341.0
-436.0 -19.0
425.0 412.0
88.0 -282.0
146.0 442.0
478.0 -221.0
-249.0 237.0
283.0 375.0
-196.0 -14.0
-317.0 -330.0
405.0 82.0
255.0 -168.0
-228.0 487.0
-391.0 34.0
-294.0 83.0
12.0 -289.0
-344.0 500.0
-234.0 477.0
255.0 468.0
398.0 499.0
282.0 66.0
-492.0 -494.0
-478.0 -375.0
138.0 183.0
-396.0 -186.0
-123.0 -73.0
429.0 434.0
63.0 151.0
483.0 -145.0
213.0 150.0
171.0 -307.0
329.0 231.0
165.0 292.0
96.0 222.0
-57.0 -352.0
-125.0 -285.0
-371.0 -133.0
1.0 145.0
340.0 -314.0
45.0 -238.0
289.0 -194.0
-29.0 -431.0
-460.0 360.0
-355.0 -207.0
452.0 375.0
-178.0 -139.0
297.0 -479.0
-251.0 -196.0
404.0 148.0
272.0 85.0
456.0 153.0
264.0 174.0
115.0 -319.0
381.0 -55.0
-257.0 -57.0
242.0 277.0
211.0 -307.0
260.0 -278.0
361.0 80.0
-251.0 3.0
-184.0 -182.0
-32.0 219.0
-19.0 -28.0
409.0 -294.0
-335.0 428.0
106.0 2.0
-124.0 -379.0
435.0 -248.0
-493.0 178.0
-272.0 -52.0
307.0 -128.0
-413.0 254.0
-422.0 423.0
320.0 382.0
82.0 -123.0
134.0 -142.0
115.0 -425.0
139.0 -29.0
-307.0 -410.0
387.0 18.0
47.0 372.0
115.0 111.0
145.0 236.0
-245.0 -234.0
246.0 256.0
306.0 -342.0
-347.0 491.0
-345.0 137.0
-120.0 -266.0
390.0 365.0
110.0 -316.0
251.0 -308.0
-395.0 415.0
-24.0 -50.0
-168.0 97.0
-286.0 -496.0
-378.0 -251.0
199.0 175.0
-298.0 -72.0
-2.0 427.0
-288.0 71.0
30.0 161.0
393.0 205.0
-400.0 -374.0
-469.0 -425.0
-390.0 -23.0
-79.0 287.0
378.0 -413.0
-172.0 95.0
182.0 317.0
494.0 -312.0
445.0 247.0
-211.0 -96.0
-329.0 -1.0
-437.0 -481.0
-44.0 146.0
414.0 433.0
-412.0 -315.0
-40.0 -289.0
109.0 -320.0
231.0 -458.0
-415.0 -259.0
483.0 -142.0
-477.0 448.0
211.0 -98.0
156.0 -226.0
-218.0 -262.0
238.0 485.0
-145.0 104.0
339.0 484.0
-277.0 96.0
-57.0 154.0
-124.0 359.0
-182.0 -391.0
169.0 -69.0
-455.0 -360.0
170.0 -83.0
-480.0 -104.0
-298.0 364.0
458.0 223.0
-451.0 -221.0
-344.0 -249.0
276.0 -191.0
-30.0 -95.0
-314.0 -427.0
-376.0 -146.0
-14.0 284.0
451.0 -109.0
17.0 480.0
397.0 274.0
155.0 286.0
285.0 302.0
498.0 -392.0
-209.0 -210.0
467.0 -373.0
483.0 -133.0
39.0 210.0
-362.0 -378.0
-491.0 -329.0
-200.0 115.0
402.0 314.0
423.0 -403.0
21.0 211.0
-177.0 -138.0
-356.0 -378.0
63.0 485.0
305.0 -25.0
-100.0 -222.0
232.0 384.0
-237.0 85.0
91.0 395.0
196.0 -71.0
148.0 -107.0
310.0 191.0
-4.0 -91.0
-211.0 -45.0
291.0 -398.0
4.0 -332.0
-61.0 -30.0
405.0 -2.0
342.0 -43.0
230.0 218.0
351.0 300.0
295.0 -39.0
-272.0 25.0
-280.0 388.0
-22.0 447.0
392.0 128.0
-418.0 310.0
281.0 -378.0
135.0 226.0
-148.0 -304.0
-98.0 -216.0
68.0 429.0
412.0 246.0
406.0 -384.0
-489.0 -337.0
-361.0 -442.0
81.0 -255.0
-4.0 -188.0
-73.0 -23.0
-448.0 -182.0
-439.0 384.0
-133.0 245.0
-311.0 368.0
428.0 234.0
-395.0 485.0
133.0 365.0
-428.0 -476.0
-98.0 319.0
-16.0 422.0
260.0 -148.0
106.0 28.0
-346.0 -441.0
349.0 -95.0
-316.0 311.0
-339.0 -329.0
136.0 287.0
-351.0 -276.0
-84.0 152.0
79.0 30.0
12.0 183.0
194.0 -41.0
-286.0 -1.0
-113.0 -301.0
10.0 -267.0
-230.0 -356.0
53.0 -391.0
483.0 185.0
-246.0 -99.0
-401.0 458.0
196.0 -67.0
-163.0 460.0
159.0 59.0
-67.0 -17.0
388.0 283.0
327.0 481.0
-403.0 -411.0
210.0 -301.0
411.0 -179.0
323.0 -312.0
-492.0 271.0
-48.0 415.0
142.0 435.0
-479.0 146.0
399.0 -217.0
268.0 -389.0
387.0 -115.0
-48.0 386.0
421.0 271.0
252.0 -358.0
17.0 316.0
-301.0 -447.0
495.0 -158.0
340.0 432.0
-218.0 -348.0
-200.0 -277.0
-354.0 -331.0
329.0 197.0
-477.0 97.0
-279.0 -481.0
-389.0 339.0
-179.0 52.0
-423.0 337.0
98.0 15.0
-159.0 116.0
-26.0 195.0
-127.0 -218.0
-436.0 66.0
-345.0 42.0
-137.0 486.0
-398.0 170.0
472.0 341.0
-3.0 167.0
99.0 301.0
-203.0 -235.0
435.0 -205.0
12.0 202.0
-409.0 39.0
371.0 -437.0
-451.0 8.0
-100.0 441.0
-15.0 -129.0
-187.0 -388.0
-331.0 -342.0
-155.0 457.0
475.0 -188.0
-165.0 494.0
52.0 316.0
388.0 -340.0
-404.0 -267.0
490.0 154.0
-249.0 -482.0
-31.0 -442.0
-175.0 -149.0
63.0 189.0
25.0 -99.0
488.0 115.0
-61.0 -364.0
220.0 -294.0
48.0 -151.0
-467.0 500.0
337.0 292.0
255.0 -120.0
-496.0 342.0
-45.0 408.0
325.0 -95.0
-266.0 -132.0
125.0 -415.0
236.0 359.0
-259.0 319.0
225.0 -206.0
495.0 -107.0
-412.0 446.0
-61.0 373.0
213.0 -15.0
459.0 -71.0
404.0 -168.0
20.0 160.0
309.0 -59.0
363.0 -157.0
-395.0 421.0
294.0 -136.0
51.0 126.0
150.0 -341.0
113.0 -221.0
447.0 -312.0
-145.0 -350.0
-29.0 434.0
316.0 494.0
-27.0 -291.0
411.0 -86.0
-174.0 -68.0
255.0 -351.0
72.0 335.0
-23.0 119.0
368.0 -164.0
-337.0 415.0
141.0 186.0
-170.0 418.0
-122.0 220.0
-441.0 -339.0
-428.0 -352.0
-45.0 63.0
1750
441.0 140.0
-457.0 206.0
365.0 159.0
75.0 -1.0
318.0 33.0
487.0 41.0
238.0 9.0
-482.0 -151.0
-163.0 315.0
87.0 -107.0
-62.0 -207.0
-45.0 65.0
-398.0 -360.0
449.0 -417.0
-173.0 -118.0
-21.0 319.0
-474.0 -430.0
479.0 103.0
329.0 -46.0
392.0 -463.0
108.0 -465.0
-357.0 -169.0
164.0 -167.0
387.0 -493.0
-105.0 322.0
420.0 -291.0
-465.0 105.0
322.0 320.0
459.0 -262.0
-174.0 -380.0
434.0 156.0
-402.0 348.0
-3.0 -158.0
-4.0 -399.0
-149.0 -388.0
-66.0 -160.0
386.0 192.0
74.0 128.0
-276.0 433.0
-339.0 466.0
420.0 -240.0
-279.0 -471.0
263.0 173.0
-78.0 81.0
326.0 -76.0
378.0 417.0
491.0 86.0
-208.0 -64.0
-299.0 178.0
335.0 372.0
205.0 -1.0
-401.0 223.0
395.0 422.0
-52.0 -337.0
454.0 166.0
162.0 -254.0
329.0 -455.0
-416.0 -319.0
-117.0 -276.0
99.0 -305.0
145.0 -68.0
-284.0 399.0
-410.0 -425.0
125.0 -324.0
-336.0 455.0
-476.0 -416.0
-388.0 32.0
-229.0 358.0
493.0 317.0
197.0 -163.0
-370.0 462.0
166.0 244.0
229.0 -217.0
-275.0 452.0
422.0 -129.0
-84.0 224.0
368.0 422.0
168.0 266.0
469.0 -40.0
-155.0 33.0
-378.0 -364.0
414.0 400.0
318.0 347.0
291.0 109.0
151.0 -197.0
-302.0 -136.0
356.0 43.0
-75.0 -333.0
-170.0 -193.0
372.0 391.0
-159.0 -111.0
78.0 -147.0
-122.0 -294.0
-461.0 418.0
-389.0 -305.0
304.0 371.0
424.0 -303.0
-489.0 -333.0
283.0 3.0
55.0 313.0
36.0 -368.0
-448.0 374.0
440.0 477.0
-400.0 -361.0
-393.0 -486.0
-446.0 196.0
-379.0 -74.0
-260.0 313.0
362.0 19.0
-16.0 -413.0
362.0 -183.0
-396.0 87.0
-317.0 -130.0
-58.0 438.0
462.0 -393.0
-62.0 -51.0
-303.0 140.0
-399.0 215.0
241.0 -274.0
-350.0 -411.0
325.0 37.0
-103.0 -152.0
-391.0 218.0
-122.0 287.0
159.0 355.0
373.0 -147.0
467.0 -462.0
-98.0 105.0
-224.0 271.0
-416.0 477.0
-219.0 415.0
-366.0 -351.0
303.0 318.0
-183.0 -418.0
453.0 125.0
-243.0 -181.0
-227.0 122.0
161.0 -448.0
347.0 -483.0
-379.0 469.0
435.0 219.0
-229.0 -417.0
-338.0 -448.0
270.0 -137.0
197.0 -15.0
14.0 -266.0
186.0 -336.0
255.0 383.0
-139.0 -193.0
-482.0 -86.0
-356.0 177.0
92.0 -446.0
-244.0 -439.0
-458.0 216.0
269.0 215.0
18.0 -418.0
-288.0 207.0
-391.0 223.0
-479.0 -109.0
-102.0 474.0
304.0 148.0
-329.0 57.0
-337.0 -328.0
-92.0 151.0
-309.0 109.0
-335.0 154.0
-334.0 -307.0
-279.0 -32.0
-74.0 365.0
-293.0 -46.0
27.0 -466.0
-209.0 32.0
-316.0 -56.0
21.0 217.0
305.0 -209.0
-283.0 98.0
-133.0 480.0
-126.0 -206.0
453.0 203.0
-189.0 -430.0
-190.0 33.0
-390.0 -432.0
137.0 -44.0
337.0 240.0
-313.0 264.0
-371.0 278.0
319.0 233.0
-448.0 317.0
-421.0 -118.0
-37.0 -163.0
351.0 436.0
389.0 187.0
303.0 127.0
471.0 130.0
-149.0 -369.0
44.0 249.0
456.0 -193.0
487.0 458.0
271.0 -330.0
-62.0 -387.0
-385.0 -62.0
91.0 -41.0
296.0 284.0
181.0 411.0
-37.0 -468.0
-41.0 249.0
215.0 -98.0
6.0 -26.0
195.0 -288.0
319.0 187.0
307.0 -238.0
428.0 421.0
-327.0 336.0
-337.0 108.0
-483.0 239.0
-5.0 -150.0
271.0 -219.0
-321.0 -448.0
-71.0 332.0
-96.0 473.0
-212.0 -141.0
-355.0 489.0
11.0 393.0
62.0 -144.0
307.0 -283.0
460.0 112.0
278.0 -460.0
181.0 -197.0
-424.0 -434.0
-131.0 -295.0
-286.0 -473.0
-54.0 -442.0
-408.0 -76.0
220.0 -50.0
-7.0 -226.0
-495.0 -215.0
194.0 -138.0
-413.0 -437.0
-281.0 178.0
342.0 313.0
97.0 -166.0
-317.0 -179.0
473.0 124.0
-6.0 -24.0
114.0 54.0
-84.0 -127.0
-330.0 332.0
-488.0 327.0
-305.0 -306.0
184.0 178.0
170.0 -156.0
-188.0 157.0
91.0 179.0
-423.0 -206.0
111.0 396.0
-334.0 -254.0
-86.0 399.0
269.0 -47.0
179.0 215.0
-230.0 200.0
369.0 -172.0
156.0 333.0
52.0 -481.0
339.0 273.0
430.0 -457.0
-367.0 -479.0
10.0 485.0
-102.0 477.0
-483.0 -306.0
479.0 293.0
482.0 -280.0
-341.0 -181.0
-187.0 -185.0
-374.0 -380.0
54.0 -55.0
-438.0 276.0
-436.0 -23.0
290.0 137.0
287.0 128.0
201.0 -386.0
-65.0 -459.0
-57.0 327.0
-35.0 97.0
212.0 -200.0
239.0 -288.0
174.0 -310.0
303.0 2.0
455.0 138.0
95.0 -456.0
33.0 -406.0
76.0 -427.0
27.0 78.0
36.0 137.0
-242.0 442.0
-467.0 -281.0
-449.0 -225.0
242.0 119.0
-482.0 -366.0
27.0 415.0
-65.0 230.0
-207.0 -302.0
-69.0 -473.0
-190.0 -219.0
-250.0 395.0
430.0 -192.0
-475.0 293.0
-499.0 -266.0
89.0 -151.0
-300.0 356.0
-439.0 456.0
-31.0 -51.0
-195.0 -314.0
-464.0 174.0
-19.0 -217.0
3.0 -298.0
325.0 -214.0
296.0 -242.0
134.0 -328.0
-207.0 -364.0
-300.0 386.0
139.0 -294.0
-252.0 -182.0
38.0 121.0
441.0 419.0
-121.0 -300.0
397.0 -149.0
304.0 -241.0
-249.0 -226.0
-397.0 5.0
-111.0 -480.0
-474.0 124.0
-13.0 -331.0
411.0 479.0
67.0 376.0
-130.0 -335.0
409.0 -391.0
-201.0 -245.0
-142.0 -472.0
-436.0 2.0
-181.0 372.0
155.0 472.0
472.0 324.0
-126.0 303.0
-113.0 314.0
-488.0 363.0
-193.0 342.0
-220.0 420.0
-311.0 -155.0
-101.0 99.0
428.0 117.0
-419.0 -435.0
269.0 220.0
-202.0 -63.0
-173.0 -269.0
65.0 -419.0
121.0 -240.0
-476.0 431.0
-238.0 -263.0
-22.0 -479.0
312.0 253.0
326.0 -284.0
-83.0 410.0
-478.0 218.0
181.0 -290.0
-29.0 126.0
-102.0 -70.0
262.0 51.0
-127.0 90.0
-29.0 -3.0
440.0 467.0
405.0 -77.0
177.0 18.0
45.0 396.0
-267.0 261.0
134.0 418.0
341.0 -378.0
476.0 -71.0
-431.0 -22.0
-384.0 335.0
-12.0 -185.0
224.0 229.0
-224.0 344.0
223.0 387.0
-220.0 109.0
411.0 304.0
-72.0 119.0
-440.0 358.0
-298.0 352.0
-18.0 158.0
489.0 461.0
-195.0 408.0
-479.0 -493.0
454.0 328.0
-498.0 -224.0
-154.0 -409.0
-208.0 -433.0
176.0 463.0
-225.0 -442.0
-133.0 -142.0
-42.0 -188.0
-133.0 285.0
-139.0 162.0
377.0 -62.0
377.0 -271.0
214.0 -475.0
-152.0 350.0
110.0 -201.0
-370.0 -49.0
-481.0 -109.0
438.0 173.0
139.0 -319.0
-83.0 28.0
68.0 -328.0
37.0 203.0
482.0 232.0
-421.0 -291.0
263.0 -188.0
-220.0 222.0
-233.0 320.0
278.0 360.0
73.0 -214.0
-447.0 -459.0
-451.0 -170.0
-308.0 475.0
444.0 -100.0
-28.0 -243.0
-382.0 16.0
348.0 -177.0
483.0 127.0
-237.0 -58.0
-448.0 495.0
-260.0 225.0
287.0 -121.0
370.0 -55.0
190.0 -324.0
-420.0 -229.0
-247.0 194.0
46.0 280.0
72.0 -67.0
-255.0 416.0
-407.0 276.0
325.0 -303.0
209.0 -7.0
101.0 -68.0
259.0 -30.0
-342.0 343.0
317.0 -254.0
-237.0 -107.0
-414.0 -393.0
299.0 78.0
461.0 254.0
401.0 -479.0
288.0 249.0
-493.0 -151.0
305.0 -19.0
402.0 -189.0
95.0 35.0
-196.0 -214.0
-111.0 -85.0
475.0 -25.0
444.0 -185.0
142.0 195.0
4.0 486.0
111.0 -397.0
-111.0 420.0
-184.0 -70.0
-193.0 403.0
-149.0 453.0
125.0 355.0
198.0 70.0
-98.0 226.0
25.0 138.0
-224.0 404.0
9.0 64.0
-357.0 242.0
194.0 154.0
-361.0 -40.0
480.0 -488.0
-457.0 371.0
-55.0 -263.0
23.0 332.0
400.0 -153.0
205.0 12.0
-209.0 -109.0
420.0 -179.0
159.0 -183.0
487.0 202.0
226.0 -417.0
-261.0 -50.0
442.0 -83.0
226.0 52.0
-367.0 46.0
431.0 -298.0
384.0 90.0
-102.0 -270.0
479.0 -32.0
-232.0 -145.0
169.0 -426.0
257.0 -490.0
-373.0 -354.0
433.0 176.0
14.0 -76.0
32.0 112.0
88.0 217.0
-228.0 -179.0
-18.0 -357.0
-318.0 164.0
-291.0 -380.0
309.0 28.0
387.0 326.0
64.0 400.0
-59.0 -16.0
-314.0 -26.0
214.0 -39.0
-1.0 352.0
-274.0 -149.0
-344.0 231.0
-274.0 315.0
79.0 -252.0
-293.0 60.0
66.0 -77.0
-363.0 85.0
-458.0 150.0
268.0 43.0
-156.0 -475.0
-182.0 -218.0
-146.0 227.0
-407.0 4.0
-453.0 -469.0
-33.0 188.0
-355.0 -381.0
149.0 -210.0
449.0 -298.0
-24.0 379.0
43.0 -38.0
-54.0 151.0
-410.0 -263.0
152.0 -319.0
141.0 -391.0
-112.0 312.0
367.0 331.0
-443.0 -355.0
-457.0 298.0
456.0 -362.0
344.0 -258.0
-301.0 -87.0
-284.0 199.0
-283.0 -426.0
233.0 -402.0
-85.0 -466.0
478.0 -311.0
255.0 -70.0
-367.0 489.0
339.0 298.0
10.0 -367.0
263.0 -297.0
329.0 -153.0
430.0 192.0
-492.0 471.0
-286.0 -463.0
-246.0 -390.0
-252.0 452.0
61.0 12.0
-454.0 -354.0
361.0 163.0
316.0 -455.0
-48.0 449.0
44.0 54.0
14.0 335.0
459.0 62.0
-365.0 -412.0
-112.0 119.0
475.0 118.0
-327.0 -213.0
6.0 -94.0
394.0 153.0
259.0 -256.0
-107.0 -91.0
-441.0 76.0
132.0 143.0
350.0 -416.0
-62.0 -454.0
-400.0 -411.0
-247.0 -479.0
193.0 90.0
182.0 -110.0
-21.0 446.0
282.0 392.0
-102.0 -393.0
191.0 -117.0
-499.0 -377.0
281.0 178.0
438.0 113.0
-347.0 314.0
382.0 27.0
213.0 -372.0
98.0 -90.0
-286.0 -443.0
-460.0 -383.0
68.0 327.0
-256.0 -241.0
263.0 34.0
399.0 -91.0
395.0 -204.0
-189.0 -99.0
-87.0 97.0
412.0 -221.0
191.0 -375.0
286.0 -467.0
376.0 -221.0
248.0 84.0
279.0 416.0
224.0 -440.0
357.0 -481.0
-289.0 -39.0
350.0 214.0
-464.0 400.0
191.0 85.0
-311.0 -268.0
399.0 -301.0
395.0 465.0
351.0 330.0
442.0 86.0
-318.0 -248.0
-188.0 143.0
-116.0 446.0
-79.0 191.0
-399.0 299.0
-271.0 1.0
-287.0 160.0
296.0 -19.0
154.0 -444.0
-175.0 420.0
-177.0 -123.0
-139.0 -132.0
123.0 -323.0
197.0 67.0
-109.0 279.0
266.0 -434.0
-385.0 174.0
207.0 470.0
197.0 257.0
-392.0 -285.0
-402.0 -165.0
-266.0 -161.0
-349.0 260.0
68.0 -210.0
-484.0 -474.0
-396.0 478.0
457.0 -240.0
-76.0 317.0
415.0 -341.0
352.0 439.0
236.0 281.0
98.0 164.0
-190.0 9.0
203.0 -260.0
340.0 -20.0
16.0 -30.0
380.0 330.0
453.0 104.0
-363.0 245.0
-181.0 336.0
-302.0 -318.0
-43.0 -184.0
17.0 -343.0
-291.0 -293.0
-80.0 454.0
-10.0 122.0
169.0 8.0
173.0 363.0
48.0 257.0
-118.0 -152.0
-36.0 -263.0
113.0 436.0
195.0 -120.0
-440.0 -341.0
-297.0 124.0
-402.0 171.0
106.0 -406.0
375.0 118.0
-358.0 445.0
309.0 -466.0
480.0 36.0
-2.0 227.0
-58.0 475.0
-475.0 -244.0
-275.0 -291.0
63.0 -332.0
-202.0 430.0
358.0 -418.0
329.0 -147.0
103.0 -369.0
-220.0 -27.0
-306.0 -443.0
-321.0 329.0
147.0 -146.0
-416.0 -402.0
109.0 -321.0
36.0 -47.0
-497.0 370.0
482.0 334.0
-286.0 104.0
435.0 170.0
-360.0 386.0
151.0 -300.0
-477.0 -35.0
196.0 -137.0
91.0 -255.0
25.0 480.0
281.0 -294.0
-310.0 -386.0
-254.0 -256.0
385.0 -56.0
-114.0 -22.0
-208.0 -235.0
499.0 176.0
373.0 416.0
-300.0 -214.0
40.0 162.0
-209.0 126.0
205.0 -46.0
-197.0 -482.0
-227.0 -196.0
-306.0 312.0
-359.0 -89.0
257.0 328.0
-447.0 378.0
-56.0 -128.0
340.0 -366.0
61.0 -460.0
-49.0 120.0
-400.0 -25.0
191.0 39.0
302.0 260.0
-99.0 -278.0
-259.0 210.0
-235.0 283.0
316.0 -319.0
-156.0 -177.0
-316.0 -72.0
481.0 121.0
-350.0 22.0
222.0 485.0
-25.0 466.0
431.0 -464.0
170.0 435.0
-404.0 29.0
2.0 162.0
247.0 89.0
-176.0 268.0
108.0 386.0
-208.0 -449.0
144.0 -367.0
-402.0 -276.0
289.0 -216.0
383.0 398.0
-220.0 114.0
-377.0 -423.0
96.0 -181.0
145.0 484.0
279.0 -8.0
341.0 -281.0
-485.0 242.0
-219.0 -408.0
-413.0 267.0
-219.0 -321.0
-278.0 -212.0
-488.0 -496.0
198.0 -478.0
319.0 -336.0
149.0 -398.0
93.0 -274.0
317.0 -94.0
52.0 313.0
359.0 -349.0
-492.0 11.0
-338.0 -417.0
-257.0 -13.0
208.0 -346.0
-73.0 -150.0
-453.0 -28.0
-51.0 311.0
-135.0 -230.0
-258.0 110.0
363.0 230.0
379.0 450.0
-259.0 -147.0
277.0 48.0
-240.0 -405.0
76.0 -417.0
414.0 -70.0
-432.0 460.0
363.0 -497.0
-38.0 317.0
440.0 200.0
318.0 270.0
-279.0 -243.0
364.0 339.0
232.0 421.0
226.0 -7.0
-12.0 234.0
108.0 433.0
298.0 -265.0
-253.0 -390.0
163.0 -291.0
-386.0 -373.0
59.0 -287.0
388.0 -4.0
164.0 -338.0
-300.0 -38.0
22.0 301.0
145.0 361.0
-321.0 -102.0
126.0 361.0
485.0 80.0
-497.0 -454.0
227.0 173.0
-493.0 -332.0
492.0 165.0
-382.0 -308.0
-97.0 86.0
496.0 -64.0
274.0 164.0
435.0 106.0
-480.0 18.0
-197.0 408.0
-371.0 -163.0
68.0 -107.0
-392.0 -216.0
-288.0 -331.0
-471.0 129.0
-265.0 138.0
270.0 -167.0
-16.0 -150.0
-42.0 483.0
374.0 -454.0
65.0 230.0
31.0 -440.0
-207.0 451.0
398.0 -37.0
212.0 -136.0
358.0 279.0
-430.0 -328.0
-84.0 231.0
23.0 437.0
-163.0 -2.0
30.0 453.0
-353.0 240.0
-107.0 480.0
191.0 -199.0
124.0 96.0
57.0 462.0
-155.0 76.0
-3.0 -83.0
-318.0 -51.0
421.0 256.0
-315.0 298.0
-295.0 232.0
447.0 -479.0
-67.0 261.0
-354.0 -292.0
-62.0 -296.0
424.0 -433.0
-476.0 432.0
25.0 -243.0
-78.0 -102.0
-244.0 310.0
192.0 180.0
-315.0 155.0
-394.0 -446.0
-255.0 -133.0
268.0 282.0
-334.0 -113.0
133.0 379.0
-296.0 182.0
144.0 379.0
246.0 -491.0
23.0 -479.0
-189.0 -329.0
-87.0 325.0
-328.0 354.0
-129.0 -398.0
-142.0 456.0
86.0 -443.0
122.0 -34.0
29.0 246.0
-426.0 495.0
-134.0 -157.0
286.0 483.0
-151.0 428.0
225.0 -255.0
104.0 15.0
455.0 316.0
-297.0 -30.0
-13.0 -205.0
335.0 303.0
250.0 -37.0
251.0 -230.0
-145.0 45.0
319.0 6.0
36.0 -230.0
43.0 168.0
-205.0 -231.0
-263.0 144.0
-272.0 -21.0
-115.0 -198.0
-54.0 90.0
-80.0 -274.0
-407.0 -500.0
30.0 448.0
-191.0 75.0
-360.0 -165.0
-462.0 -416.0
-386.0 -309.0
-462.0 -415.0
-110.0 -471.0
-84.0 -326.0
-388.0 -379.0
134.0 -314.0
235.0 97.0
22.0 -202.0
-172.0 244.0
-247.0 -189.0
-452.0 -312.0
460.0 -259.0
-25.0 445.0
-394.0 -133.0
-445.0 -87.0
-344.0 245.0
-97.0 300.0
73.0 -344.0
-334.0 -479.0
12.0 224.0
-202.0 189.0
101.0 -9.0
-107.0 457.0
-198.0 208.0
-309.0 -111.0
-37.0 -192.0
-468.0 169.0
153.0 152.0
-255.0 90.0
97.0 104.0
-207.0 -394.0
177.0 -470.0
-71.0 -183.0
394.0 20.0
46.0 6.0
186.0 -348.0
365.0 333.0
43.0 326.0
-498.0 -122.0
414.0 -240.0
-96.0 -284.0
-435.0 -298.0
-336.0 216.0
157.0 234.0
-250.0 -490.0
-350.0 -426.0
124.0 308.0
-17.0 -313.0
93.0 -289.0
-209.0 180.0
-167.0 16.0
-111.0 -447.0
97.0 -127.0
164.0 -430.0
-464.0 257.0
-34.0 416.0
377.0 -233.0
194.0 -358.0
-416.0 128.0
-492.0 34.0
25.0 -409.0
-385.0 324.0
22.0 -348.0
424.0 32.0
-105.0 -38.0
294.0 6.0
-390.0 -78.0
496.0 -426.0
344.0 449.0
-380.0 -244.0
-223.0 -89.0
345.0 -156.0
-171.0 38.0
-367.0 -17.0
-118.0 223.0
-194.0 346.0
287.0 -113.0
-156.0 -426.0
397.0 -3.0
182.0 471.0
186.0 364.0
205.0 177.0
-51.0 -459.0
-118.0 353.0
433.0 369.0
184.0 -301.0
-385.0 94.0
-190.0 -169.0
-196.0 -413.0
60.0 -172.0
236.0 69.0
477.0 316.0
362.0 120.0
448.0 -38.0
-237.0 -210.0
-379.0 -397.0
-222.0 346.0
97.0 -130.0
-424.0 -159.0
313.0 385.0
-261.0 333.0
67.0 -339.0
434.0 282.0
186.0 37.0
170.0 37.0
-201.0 -206.0
86.0 116.0
151.0 -183.0
336.0 78.0
200.0 221.0
-181.0 286.0
-228.0 -226.0
368.0 -380.0
-377.0 207.0
194.0 -205.0
-402.0 249.0
37.0 -279.0
407.0 -331.0
-495.0 202.0
81.0 -480.0
202.0 342.0
231.0 233.0
204.0 386.0
187.0 318.0
256.0 -454.0
-389.0 -358.0
273.0 -316.0
-423.0 -53.0
339.0 -343.0
-274.0 146.0
454.0 405.0
-216.0 174.0
27.0 448.0
67.0 -474.0
49.0 80.0
74.0 206.0
208.0 24.0
364.0 271.0
181.0 78.0
253.0 -248.0
85.0 -491.0
367.0 -93.0
439.0 412.0
-460.0 451.0
344.0 64.0
-289.0 41.0
65.0 -449.0
362.0 -335.0
401.0 88.0
-133.0 217.0
295.0 -278.0
-420.0 -198.0
17.0 -165.0
202.0 89.0
-357.0 471.0
-220.0 -279.0
231.0 257.0
72.0 133.0
-204.0 143.0
471.0 -416.0
487.0 -130.0
469.0 349.0
343.0 395.0
396.0 103.0
-185.0 313.0
121.0 415.0
418.0 -267.0
70.0 222.0
-215.0 -454.0
287.0 428.0
-99.0 269.0
-242.0 -321.0
78.0 -9.0
283.0 48.0
-197.0 289.0
-40.0 -332.0
334.0 330.0
-95.0 349.0
-437.0 -471.0
17.0 445.0
-95.0 -331.0
268.0 227.0
137.0 107.0
-330.0 -354.0
-447.0 66.0
-269.0 320.0
483.0 21.0
49.0 -466.0
95.0 334.0
98.0 -363.0
-199.0 23.0
222.0 -454.0
47.0 184.0
111.0 -31.0
-40.0 -285.0
-243.0 -105.0
-267.0 -473.0
-322.0 447.0
445.0 -290.0
448.0 -410.0
171.0 -296.0
-35.0 374.0
97.0 176.0
-435.0 386.0
251.0 -361.0
262.0 227.0
211.0 -106.0
430.0 399.0
-62.0 368.0
271.0 -252.0
98.0 63.0
109.0 -402.0
130.0 -265.0
313.0 -436.0
423.0 -452.0
-388.0 96.0
-87.0 330.0
-301.0 -59.0
3.0 -294.0
234.0 -186.0
-300.0 422.0
283.0 199.0
16.0 -133.0
404.0 -80.0
-98.0 -59.0
368.0 -314.0
165.0 -479.0
-472.0 467.0
-404.0 -64.0
126.0 89.0
186.0 492.0
85.0 -422.0
335.0 107.0
-255.0 256.0
-441.0 -50.0
227.0 -447.0
355.0 -172.0
-143.0 -101.0
-177.0 -294.0
195.0 423.0
10.0 -478.0
42.0 155.0
473.0 -312.0
-323.0 287.0
-6.0 79.0
-134.0 -351.0
32.0 -418.0
-401.0 -128.0
13.0 202.0
398.0 406.0
375.0 145.0
-360.0 221.0
-307.0 330.0
-333.0 39.0
332.0 -203.0
242.0 481.0
-338.0 30.0
-294.0 489.0
-487.0 -413.0
-38.0 153.0
78.0 -402.0
27.0 129.0
-189.0 -415.0
-263.0 -135.0
-197.0 -115.0
7.0 -124.0
324.0 -65.0
217.0 -302.0
435.0 -355.0
192.0 282.0
72.0 -238.0
-389.0 -312.0
-12.0 347.0
292.0 394.0
467.0 455.0
369.0 -127.0
-225.0 244.0
-136.0 -130.0
146.0 218.0
252.0 -456.0
-328.0 150.0
158.0 -76.0
439.0 425.0
-101.0 -370.0
-260.0 483.0
-162.0 362.0
-149.0 500.0
-413.0 -399.0
188.0 2.0
-146.0 -114.0
-29.0 -375.0
-352.0 173.0
-462.0 -299.0
500.0 -481.0
98.0 422.0
-435.0 486.0
374.0 368.0
-35.0 -270.0
-200.0 -43.0
-381.0 -319.0
-202.0 280.0
-305.0 281.0
-320.0 -452.0
-491.0 -412.0
499.0 -388.0
268.0 20.0
-258.0 -313.0
110.0 -52.0
-114.0 239.0
45.0 -155.0
-203.0 -116.0
336.0 282.0
-20.0 113.0
212.0 -221.0
413.0 -469.0
190.0 -128.0
-39.0 -226.0
-211.0 -282.0
-400.0 351.0
-121.0 -197.0
-225.0 -193.0
10.0 -263.0
-143.0 499.0
209.0 -295.0
-324.0 467.0
119.0 -146.0
-29.0 -441.0
-86.0 462.0
-56.0 -203.0
-467.0 -362.0
-174.0 -232.0
494.0 -128.0
18.0 -1.0
-363.0 419.0
-430.0 -415.0
-445.0 109.0
-3.0 320.0
359.0 -49.0
449.0 41.0
22.0 417.0
-40.0 -388.0
-85.0 -28.0
139.0 111.0
-278.0 52.0
-251.0 -496.0
182.0 -387.0
233.0 -295.0
-279.0 -396.0
212.0 172.0
-330.0 -131.0
-159.0 275.0
-420.0 -451.0
183.0 -441.0
-267.0 155.0
-41.0 -487.0
-353.0 -16.0
-492.0 -104.0
-130.0 -200.0
284.0 -366.0
49.0 -188.0
-260.0 -64.0
-258.0 159.0
-397.0 -375.0
159.0 361.0
172.0 92.0
152.0 -230.0
370.0 270.0
-491.0 46.0
61.0 -351.0
25.0 -170.0
-9.0 -374.0
426.0 105.0
10.0 386.0
-202.0 -333.0
-329.0 -84.0
360.0 -119.0
230.0 -134.0
-479.0 -383.0
-25.0 77.0
-383.0 -73.0
-273.0 157.0
218.0 -103.0
-252.0 -397.0
484.0 -367.0
-332.0 48.0
-236.0 379.0
488.0 387.0
-269.0 157.0
-358.0 121.0
-467.0 -357.0
-157.0 265.0
199.0 -15.0
-101.0 -413.0
108.0 -245.0
-462.0 -125.0
278.0 103.0
229.0 -321.0
-372.0 -449.0
385.0 12.0
-119.0 -181.0
-311.0 305.0
228.0 37.0
-472.0 73.0
-287.0 -111.0
9.0 429.0
401.0 159.0
150.0 13.0
414.0 419.0
-297.0 275.0
296.0 293.0
-133.0 -263.0
-244.0 107.0
-466.0 71.0
391.0 -181.0
200.0 488.0
-239.0 -394.0
362.0 -57.0
-312.0 303.0
-333.0 119.0
-216.0 141.0
-105.0 -495.0
-438.0 -128.0
-197.0 451.0
119.0 -407.0
-479.0 -318.0
75.0 -392.0
-335.0 440.0
348.0 38.0
60.0 309.0
-355.0 257.0
338.0 491.0
-263.0 -115.0
-317.0 235.0
-498.0 -420.0
187.0 365.0
-460.0 -197.0
-307.0 -386.0
457.0 246.0
323.0 -12.0
-234.0 -165.0
407.0 -345.0
290.0 -63.0
497.0 -275.0
-25.0 321.0
459.0 188.0
-273.0 353.0
-318.0 -69.0
253.0 -41.0
185.0 -254.0
-55.0 -488.0
-455.0 -186.0
238.0 368.0
468.0 -168.0
356.0 11.0
-310.0 443.0
25.0 154.0
203.0 311.0
-354.0 -32.0
-38.0 -239.0
406.0 -40.0
-251.0 38.0
-336.0 398.0
258.0 -430.0
76.0 476.0
416.0 -246.0
406.0 179.0
444.0 172.0
435.0 278.0
-34.0 217.0
113.0 -423.0
47.0 -366.0
496.0 -114.0
433.0 -409.0
94.0 -262.0
401.0 -71.0
186.0 337.0
-136.0 -21.0
407.0 325.0
198.0 97.0
-389.0 105.0
-155.0 -132.0
78.0 490.0
380.0 141.0
454.0 157.0
-346.0 55.0
393.0 -245.0
-142.0 -399.0
-162.0 140.0
-12.0 43.0
-311.0 107.0
-301.0 -418.0
-220.0 -432.0
42.0 479.0
-26.0 -462.0
-480.0 -359.0
199.0 486.0
-241.0 -193.0
-250.0 42.0
-429.0 62.0
15.0 -377.0
382.0 183.0
196.0 78.0
154.0 -314.0
410.0 29.0
34.0 -491.0
65.0 464.0
-426.0 -133.0
-206.0 172.0
-137.0 -397.0
176.0 127.0
-11.0 -316.0
-489.0 94.0
-255.0 49.0
339.0 73.0
-25.0 -101.0
-114.0 -452.0
-30.0 -26.0
-370.0 207.0
-89.0 -226.0
-324.0 397.0
-382.0 -88.0
279.0 -75.0
496.0 -71.0
-417.0 -339.0
-343.0 -186.0
324.0 100.0
-48.0 190.0
387.0 50.0
-480.0 223.0
-164.0 454.0
-424.0 -480.0
365.0 -158.0
-414.0 -286.0
23.0 -112.0
-96.0 164.0
-453.0 -50.0
-486.0 -288.0
313.0 -294.0
-107.0 29.0
335.0 209.0
470.0 431.0
483.0 -51.0
-477.0 136.0
39.0 254.0
-159.0 -484.0
242.0 250.0
471.0 -302.0
256.0 -267.0
498.0 359.0
360.0 321.0
397.0 325.0
-375.0 429.0
186.0 -248.0
6.0 -373.0
-397.0 309.0
496.0 361.0
365.0 30.0
490.0 -75.0
-440.0 -178.0
109.0 -228.0
-28.0 363.0
-328.0 -115.0
243.0 -138.0
-53.0 230.0
-300.0 347.0
-367.0 -256.0
-124.0 406.0
359.0 283.0
-123.0 6.0
82.0 -491.0
390.0 423.0
380.0 -74.0
212.0 243.0
251.0 -87.0
-175.0 115.0
407.0 26.0
66.0 -284.0
465.0 38.0
358.0 -293.0
-71.0 -210.0
13.0 -372.0
-208.0 -135.0
-286.0 -264.0
-422.0 -214.0
-366.0 245.0
105.0 454.0
-150.0 22.0
-318.0 173.0
317.0 -288.0
50.0 224.0
214.0 289.0
95.0 -101.0
338.0 226.0
-132.0 -181.0
372.0 -317.0
-206.0 214.0
78.0 333.0
71.0 97.0
-162.0 184.0
-292.0 -331.0
-116.0 197.0
-271.0 91.0
271.0 251.0
-181.0 -449.0
59.0 -472.0
376.0 -110.0
-419.0 199.0
453.0 57.0
-433.0 -383.0
411.0 475.0
-64.0 410.0
423.0 -102.0
-200.0 -484.0
-477.0 262.0
218.0 237.0
-101.0 312.0
-28.0 -293.0
188.0 -40.0
231.0 163.0
-43.0 -469.0
451.0 456.0
90.0 -268.0
81.0 -42.0
-134.0 300.0
299.0 428.0
155.0 -118.0
-25.0 148.0
-50.0 273.0
441.0 -455.0
99.0 56.0
-96.0 -473.0
-190.0 -171.0
465.0 124.0
390.0 25.0
484.0 -349.0
-340.0 -482.0
270.0 -354.0
-471.0 185.0
-149.0 115.0
14.0 -308.0
458.0 95.0
238.0 -473.0
19.0 500.0
119.0 336.0
326.0 459.0
112.0 271.0
369.0 -382.0
-311.0 -418.0
-398.0 -351.0
460.0 178.0
-10.0 487.0
-69.0 -443.0
-146.0 -21.0
294.0 329.0
365.0 -68.0
112.0 -355.0
287.0 -260.0
-48.0 -401.0
369.0 68.0
94.0 -490.0
260.0 -360.0
31.0 43.0
-274.0 -165.0
467.0 489.0
262.0 -56.0
-342.0 -82.0
363.0 -265.0
67.0 -34.0
-452.0 473.0
348.0 306.0
389.0 74.0
-108.0 -215.0
-381.0 -191.0
-260.0 -105.0
283.0 41.0
-53.0 -337.0
10.0 -496.0
-259.0 166.0
86.0 87.0
-320.0 -287.0
-105.0 -209.0
-319.0 267.0
-434.0 -247.0
475.0 -360.0
11.0 -70.0
370.0 357.0
371.0 -93.0
364.0 167.0
15.0 343.0
-78.0 -392.0
66.0 361.0
-186.0 -255.0
-41.0 381.0
233.0 276.0
-334.0 -308.0
-347.0 196.0
-86.0 -378.0
435.0 14.0
-276.0 496.0
308.0 141.0
345.0 -399.0
-274.0 -118.0
30.0 185.0
344.0 -325.0
-467.0 6.0
-339.0 -135.0
-176.0 111.0
-358.0 259.0
-186.0 -266.0
124.0 -389.0
-107.0 -449.0
140.0 342.0
62.0 374.0
142.0 -483.0
117.0 -209.0
343.0 -286.0
-97.0 381.0
-495.0 109.0
-336.0 100.0
-446.0 -175.0
172.0 -456.0
-172.0 459.0
5.0 -451.0
-398.0 -159.0
318.0 -225.0
-324.0 -368.0
-220.0 388.0
-360.0 471.0
-480.0 162.0
138.0 -39.0
239.0 -302.0
355.0 299.0
-148.0 245.0
243.0 -495.0
-111.0 -159.0
-138.0 -282.0
-161.0 473.0
-431.0 -429.0
24.0 197.0
-80.0 -261.0
366.0 420.0
-9.0 263.0
295.0 -283.0
221.0 -275.0
-483.0 72.0
-268.0 -213.0
-11.0 -227.0
69.0 37.0
-70.0 -109.0
-472.0 -163.0
258.0 209.0
252.0 450.0
-407.0 246.0
-354.0 327.0
434.0 -148.0
-207.0 39.0
-282.0 488.0
204.0 465.0
-431.0 252.0
-82.0 -22.0
-27.0 95.0
-432.0 -334.0
-323.0 -146.0
-9.0 -470.0
415.0 -496.0
-283.0 163.0
354.0 -31.0
257.0 -225.0
-197.0 323.0
427.0 127.0
-79.0 -31.0
-145.0 117.0
-269.0 452.0
244.0 -489.0
452.0 -425.0
469.0 -89.0
-151.0 252.0
-311.0 -368.0
-429.0 203.0
133.0 372.0
93.0 -204.0
83.0 -289.0
-126.0 286.0
181.0 -292.0
404.0 -460.0
47.0 -244.0
14.0 37.0
247.0 -417.0
-268.0 -192.0
-379.0 -77.0
-65.0 245.0
-56.0 -235.0
-388.0 264.0
99.0 324.0
88.0 296.0
-77.0 409.0
-131.0 -147.0
-437.0 -460.0
-428.0 -412.0
46.0 478.0
153.0 -498.0
314.0 132.0
64.0 -309.0
9.0 -404.0
-490.0 -175.0
185.0 382.0
230.0 -146.0
17.0 -247.0
-321.0 166.0
344.0 -377.0
321.0 460.0
-124.0 -451.0
-388.0 164.0
306.0 185.0
117.0 -262.0
176.0 185.0
438.0 -77.0
-304.0 117.0
-289.0 -55.0
463.0 61.0
-314.0 450.0
166.0 12.0
-11.0 474.0
31.0 126.0
236.0 -314.0
213.0 -390.0
235.0 -205.0
-434.0 -259.0
18.0 -137.0
-55.0 426.0
230.0 -463.0
-424.0 -491.0
22.0 358.0
-173.0 450.0
-150.0 -278.0
427.0 -416.0
